Category,Real Category,Business Name,Address,City,State,Postal Code,Country,Phone,Email,Website,Latitude,Longitude,Map Link,Details Link
komplek housing,Pembangunan Perumahan,WimaneSili,"WW5W+4FV, Wamena Kota, Distrik Wamena, Kabupaten Jayawijaya, Papua 99511","Wamena Kota, Distrik Wamena, Kabupaten Jayawijaya",PAPUA,99511.0,Indonesia,,,,-40.921.406,138.946.159,https://maps.google.com/?cid=0x0:0x379be7a5e4d07251,
komplek housing,komplek housing,Wamena,"Wamena Kota, Distrik Wamena, Kabupaten Jayawijaya, Papua","Kabupaten Jayawijaya, Papua",PAPUA,,Indonesia,,,,-40.921.406,138.946.159,https://maps.google.com/?cid=0x0:0xcc5436aebda9b95b,
komplek housing,Komplek perumahan,Holima,"WW5W+4GV, Wamena Kota, Distrik Wamena, Kabupaten Jayawijaya, Papua","Kabupaten Jayawijaya, Papua",PAPUA,,Indonesia,,,,-40.921.296,1.389.462.823,https://maps.google.com/?cid=0x0:0xea65d5b6170af5d4,
komplek housing,Komplek perumahan,Qiwonak,"WW5W+4GV, Wamena Kota, Distrik Wamena, Kabupaten Jayawijaya, Papua","Kabupaten Jayawijaya, Papua",PAPUA,,Indonesia,,,,-40.921.296,1.389.462.823,https://maps.google.com/?cid=0x0:0x20ba220a7b6fbd43,
komplek housing,Komplek perumahan,Rumah,"WW3W+HHG, Wamena Kota, Distrik Wamena, Kabupaten Jayawijaya, Papua 99511","Wamena Kota, Distrik Wamena, Kabupaten Jayawijaya",PAPUA,99511.0,Indonesia,,,,-40.960.509,1.389.465.042,https://maps.google.com/?cid=0x0:0x8d04d94822afe98f,
komplek housing,Komplek perumahan,MARKISA,"WW5W+4GV, Wamena Kota, Distrik Wamena, Kabupaten Jayawijaya, Papua","Kabupaten Jayawijaya, Papua",PAPUA,,Indonesia,,,,-40.921.296,1.389.462.823,https://maps.google.com/?cid=0x0:0xdcb89a0bf7cb5d41,
komplek housing,Komplek perumahan,Hendra wandik,"WW5W+4FV, Wamena Kota, Distrik Wamena, Kabupaten Jayawijaya, Papua","Kabupaten Jayawijaya, Papua",PAPUA,,Indonesia,,,,-40.921.406,138.946.159,https://maps.google.com/?cid=0x0:0x7565167048bc1071,
komplek housing,Komplek perumahan,Nadia asso,"WW5W+4GV, Wamena Kota, Distrik Wamena, Kabupaten Jayawijaya, Papua","Kabupaten Jayawijaya, Papua",PAPUA,,Indonesia,,,,-40.921.296,1.389.462.823,https://maps.google.com/?cid=0x0:0x2bfa37ea76e5c182,
komplek housing,komplek housing,Kec. Kurulu,"Kabupaten Jayawijaya, Papua","Kabupaten Jayawijaya, Papua",PAPUA,,Indonesia,,,,-39.656.195,1.389.506.295,https://maps.google.com/?cid=0x0:0x7d3b725defdaf634,
komplek housing,Komplek perumahan,Kibaima,"2WQM+268, Waga - Waga, Kec. Kurulu, Kabupaten Jayawijaya, Papua 99554","Waga - Waga, Kec. Kurulu, Kabupaten Jayawijaya",PAPUA,99554.0,Indonesia,,,,-39.624.511,1.389.330.927,https://maps.google.com/?cid=0x0:0x98cf6ce0f2034c56,
komplek housing,Komplek perumahan,Humuaqima,"XXV6+MC, Mulima, Kec. Kurulu, Kabupaten Jayawijaya, Papua","Kabupaten Jayawijaya, Papua",PAPUA,,Indonesia,,,,-40.058.437,1.389.610.249,https://maps.google.com/?cid=0x0:0xfd2feb74d8e04016,
komplek housing,Komplek perumahan,Tumaqonem wemake,"XXM4+23, Mulima, Kec. Kurulu, Kabupaten Jayawijaya, Papua","Kabupaten Jayawijaya, Papua",PAPUA,,Indonesia,,,,-40.174.122,1.389.552.474,https://maps.google.com/?cid=0x0:0xf215ffbb8b9c61bc,
komplek housing,Kios,Dulla,"XXQ6+H5, Mulima, Kec. Kurulu, Kabupaten Jayawijaya, Papua","Kabupaten Jayawijaya, Papua",PAPUA,,Indonesia,,,,-40.110.652,138.960.403,https://maps.google.com/?cid=0x0:0xf992619d76b0f5b5,
komplek housing,Komplek perumahan,Nooima,"XXJ8+M5, Mulima, Kec. Kurulu, Kabupaten Jayawijaya, Papua","Kabupaten Jayawijaya, Papua",PAPUA,,Indonesia,,,,-40.183.008,138.965.416,https://maps.google.com/?cid=0x0:0x10a5b20e6aa28738,
komplek housing,Komplek perumahan,Yakiqima,"XXQ7+2V, Mulima, Kec. Kurulu, Kabupaten Jayawijaya, Papua","Kabupaten Jayawijaya, Papua",PAPUA,,Indonesia,,,,-40.124.448,1.389.646.153,https://maps.google.com/?cid=0x0:0x4016f565f4024db3,
komplek housing,Komplek perumahan,yarkama kampg kimima kurulu,"2X63+99, Kimima, Kec. Kurulu, Kabupaten Jayawijaya, Papua","Kabupaten Jayawijaya, Papua",PAPUA,,Indonesia,,,,-39.891.263,138.953.463,https://maps.google.com/?cid=0x0:0x70fddb7af977090e,
komplek housing,Komplek perumahan,"LK,3 (RKP)","WW9V+27M, Jl. Hom-Hom, Hetuma, Distrik Wesaput, Kabupaten Jayawijaya, Papua 99511","Jl. Hom-Hom, Hetuma, Distrik Wesaput, Kabupaten Jayawijaya",PAPUA,99511.0,Indonesia,,,,-40.825.458,1.389.426.753,https://maps.google.com/?cid=0x0:0xf02b7eba4be69b05,
komplek housing,Komplek perumahan,Nisken Home,"WWXR+GQ Sebelah Kanan Lapangan Bola Kaki, Jl. Pikhe, Okoloma, Kec. Kurulu, Kabupaten Jayawijaya, Papua","Kabupaten Jayawijaya, Papua",PAPUA,,Indonesia,,,,-40.510.898,1.389.419.328,https://maps.google.com/?cid=0x0:0x2a286a766f12fb4a,
komplek housing,komplek housing,Wulabima,"2WC7+F9M, Eragama, Kec. Kurulu, Kabupaten Jayawijaya, Papua","Kabupaten Jayawijaya, Papua",PAPUA,,Indonesia,,,,-39.787.877,1.389.134.358,https://maps.google.com/?cid=0x0:0x82503db3844c6bb4,
komplek housing,komplek housing,UGD Gangk,"WWGM+P7, Hetuma, Distrik Bugi, Kabupaten Jayawijaya, Papua","Kabupaten Jayawijaya, Papua",PAPUA,,Indonesia,,,,-4.073.876,138.933.481,https://maps.google.com/?cid=0x0:0x2967006de3a9d297,
komplek housing,Komplek perumahan,Honabila,"XXM6+7W, Mulima, Kec. Kurulu, Kabupaten Jayawijaya, Papua","Kabupaten Jayawijaya, Papua",PAPUA,,Indonesia,,,,-40.167.637,1.389.622.785,https://maps.google.com/?cid=0x0:0xb2bcba118d71c86f,
komplek housing,Komplek perumahan,Punaima,"XXCC+5W, Aikima, Distrik Pisugi, Kabupaten Jayawijaya, Papua","Kabupaten Jayawijaya, Papua",PAPUA,,Indonesia,,,,-40.296.166,138.972.363,https://maps.google.com/?cid=0x0:0xfee2ccf541df69c6,
komplek housing,Pembangunan Perumahan,Pikhe,"WWXR+M92, Jl trans pikhe, nalima, Kec. Kurulu, Kabupaten Jayawijaya, Papua","Kabupaten Jayawijaya, Papua",PAPUA,,Indonesia,,,,-40.508.662,1.389.408.791,https://maps.google.com/?cid=0x0:0x9b8c84f06561ef06,
komplek housing,Komplek perumahan,Kompleks Waklam,"WX34+G3J, Wesaput, Distrik Wamena, Kabupaten Jayawijaya, Papua 99511","Wesaput, Distrik Wamena, Kabupaten Jayawijaya",PAPUA,99511.0,Indonesia,,,,-40.961.734,1.389.551.255,https://maps.google.com/?cid=0x0:0x3469525f37f6f2c2,
komplek housing,Komplek perumahan,Tikilmo,"XXF5+QQ, Aikima, Distrik Pisugi, Kabupaten Jayawijaya, Papua","Kabupaten Jayawijaya, Papua",PAPUA,,Indonesia,,,,-40.256.236,1.389.594.927,https://maps.google.com/?cid=0x0:0xcb3bd3e47288d2f5,
komplek housing,Komplek perumahan,Kompleks Barak Pengungsi,"WW5R+3JM, Jl. SD. Percobaan, Wamena Kota, Distrik Wamena, Kabupaten Jayawijaya, Papua","Kabupaten Jayawijaya, Papua",PAPUA,,Indonesia,,,,-40.922.826,138.941.536,https://maps.google.com/?cid=0x0:0x6948d17b401d9dbb,
komplek housing,Komplek perumahan,Rumah kos Olala,"WWGM+9VM, Hubikiak, Distrik Bugi, Kabupaten Jayawijaya, Papua","Kabupaten Jayawijaya, Papua",PAPUA,,Indonesia,,,,-40.740.325,1.389.346.622,https://maps.google.com/?cid=0x0:0x51597b228242bc1b,
komplek housing,Komplek perumahan,House of NPagawak,"VXV2+W6Q, Ketimavit, Distrik Wamena, Kabupaten Jayawijaya, Papua 99511","Ketimavit, Distrik Wamena, Kabupaten Jayawijaya",PAPUA,99511.0,Indonesia,,,,-41.042.177,1.389.501.639,https://maps.google.com/?cid=0x0:0xcd339cd025afd796,
komplek housing,Kantor Pemerintah,Kampung Kurulu Mabel,"2XM2+4FP, Jl. Misi, Jiwika, Kec. Kurulu, Kabupaten Jayawijaya, Papua 99554","Jl. Misi, Jiwika, Kec. Kurulu, Kabupaten Jayawijaya",PAPUA,99554.0,Indonesia,,,,-39.671.575,1.389.511.893,https://maps.google.com/?cid=0x0:0x9b93049a0fcfdcd5,
komplek housing,Kantor Pemerintah,Kampung Milima,"3W7J+34X, Milima, Kec. Kurulu, Kabupaten Jayawijaya, Papua 99554","Milima, Kec. Kurulu, Kabupaten Jayawijaya",PAPUA,99554.0,Indonesia,,,,-39.372.668,1.389.303.587,https://maps.google.com/?cid=0x0:0xeb5e44c535825f5e,
komplek housing,Komplek perumahan,Komplek Raya Housing/Molek Blok B No. 4,"PW95+CQ7, Jl. Raya Housing, RT.006/RW.011, Jatiwaringin, Kec. Pd. Gede, Kota Bks, Jawa Barat 17411","Jl. Raya Housing, RT.006/RW.011, Jatiwaringin, Kec. Pd. Gede, Kota Bks",PAPUA,17411.0,Indonesia,,,,-62.814.591,106.909.408,https://maps.google.com/?cid=0x0:0x47a4e28e626334ff,
komplek housing,Perumahan,Darmawangsa Residence by Dwicitra Land,"Jl. Raya Pisangan, Satriamekar, Kec. Tambun Utara, Kabupaten Bekasi, Jawa Barat 17510","Satriamekar, Kec. Tambun Utara, Kabupaten Bekasi",PAPUA,17510.0,Indonesia,8119226161.0,,,-62.024.634,1.070.448.894,https://maps.google.com/?cid=0x0:0xe871c6520e9c809b,
komplek housing,Komplek perumahan,Perumahan Kyra Residence 3 kantor pemasaran,"Jl. Gudang Bin Ali, Bahagia, Kec. Babelan, Kabupaten Bekasi, Jawa Barat 17610","Bahagia, Kec. Babelan, Kabupaten Bekasi",PAPUA,17610.0,Indonesia,82112762916.0,,,-61.945.388,1.070.274.494,https://maps.google.com/?cid=0x0:0x3874af9c9c530e23,
komplek housing,Rumah Kaca,Kavling Babelan City Regency (BCR),"Kedung Pengawas, Kec. Babelan, Kabupaten Bekasi, Jawa Barat 17610","Kec. Babelan, Kabupaten Bekasi",PAPUA,17610.0,Indonesia,,,,-61.366.673,1.070.494.889,https://maps.google.com/?cid=0x0:0xb67bb7b09cd6e63f,
komplek housing,Komplek perumahan,Kantor Pemasaran Wahana Pondok Ungu,"Jl. Pulo Timaha, Babelan Kota, Kec. Babelan, Kabupaten Bekasi, Jawa Barat 17610","Babelan Kota, Kec. Babelan, Kabupaten Bekasi",PAPUA,17610.0,Indonesia,81285511195.0,,,-61.604.121,1.070.165.734,https://maps.google.com/?cid=0x0:0xa604dbf48251fa41,
komplek housing,komplek housing,Perumahan,"Perumahan Jl. Alinda II No.9 blok c3, RT.06/RW.027, Kaliabang Tengah, Kec. Bekasi Utara, Kota Bks, Jawa Barat 17125","RT.06/RW.027, Kaliabang Tengah, Kec. Bekasi Utara, Kota Bks",PAPUA,17125.0,Indonesia,,,,-6.196.398,1.070.108.123,https://maps.google.com/?cid=0x0:0x717d52c2e715063b,
komplek housing,komplek housing,Komplek Housing,"Blok Bojong Nangka I, Jl. Ring Rudal Blok Bojong Nangka I No.68, RT.001/RW.007, Jatirahayu, Kec. Pd. Melati, Kota Bks, Jawa Barat 17414","Jl. Ring Rudal Blok Bojong Nangka I No.68, RT.001/RW.007, Jatirahayu, Kec. Pd. Melati, Kota Bks",PAPUA,17414.0,Indonesia,,,,-6.293.724,1.069.165.114,https://maps.google.com/?cid=0x0:0x9c50464976dee674,
komplek housing,Komplek perumahan,Perumahan Kodau V Ambarapura,"Jl. Palem Raya Jl. Jurdil No.25 3 7, RT.003/RW.002, Jatimekar, Jatiasih, Bekasi, West Java 17422","RT.003/RW.002, Jatimekar, Jatiasih, Bekasi",PAPUA,17422.0,Indonesia,,,,-62.954.201,1.069.401.088,https://maps.google.com/?cid=0x0:0xf6f59a01a8fe3d1f,
komplek housing,komplek housing,Distrik Asologaima,"Miliama, Kabupaten Jayawijaya, Papua","Kabupaten Jayawijaya, Papua",PAPUA,,Indonesia,,,,-39.852.898,1.388.097.572,https://maps.google.com/?cid=0x0:0x20cc4b389d8bfedf,
komplek housing,Perumahan,Rumah Alaya Ambara Kodau Jatiwarna,"Jl. Dieng III, RT.002/RW.001, Jatimekar, Kec. Jatiasih, Kota Bks, Jawa Barat 17422","RT.002/RW.001, Jatimekar, Kec. Jatiasih, Kota Bks",PAPUA,17422.0,Indonesia,,,,-62.942.568,1.069.403.499,https://maps.google.com/?cid=0x0:0x5fcb34b23a151056,
komplek housing,Gedung Apartemen,The Pakubuwono Spring,"Jl. Teuku Nyak Arief No.9, RT.6/RW.2, Grogol Sel., Kec. Kby. Lama, Kota Jakarta Selatan, Daerah Khusus Ibukota Jakarta 12220","RT.6/RW.2, Grogol Sel., Kec. Kby. Lama, Kota Jakarta Selatan",PAPUA,12220.0,Indonesia,2138789095.0,,,-62.328.071,1.067.872.756,https://maps.google.com/?cid=0x0:0x6735e95dfd3310bb,
komplek housing,Gedung Apartemen,Savyavasa,"Jl. Wijaya II No.37A, RT.4/RW.2, Pulo, Kec. Kby. Baru, Kota Jakarta Selatan, Daerah Khusus Ibukota Jakarta 12160","RT.4/RW.2, Pulo, Kec. Kby. Baru, Kota Jakarta Selatan",PAPUA,12160.0,Indonesia,8111809058.0,,,-62.504.926,1.068.038.231,https://maps.google.com/?cid=0x0:0xff66c1f48159c1eb,
komplek housing,Komplek perumahan,Caspia House Jatisari,"Jl. Ebor Jabin No.3 kav A, Jatisari, Kec. Jatiasih, Kota Bks, Jawa Barat 17426","Jatisari, Kec. Jatiasih, Kota Bks",PAPUA,17426.0,Indonesia,82122268848.0,,,-63.431.921,1.069.460.696,https://maps.google.com/?cid=0x0:0xa6f81e29fea81757,
komplek housing,Agen real estat,SAJIVA Residence,"Jl. Raya Ciherang Lame perbatasan Tajur, Pabuaran, Kec. Citeureup, Kabupaten Bogor, Jawa Barat 16830","Pabuaran, Kec. Citeureup, Kabupaten Bogor",PAPUA,16830.0,Indonesia,85117175175.0,,,-65.422.495,1.069.395.353,https://maps.google.com/?cid=0x0:0x83ca255b4a2860de,
komplek housing,Komplek perumahan,Puri Cileungsi,"H2J4+GHM, Gandoang, Kec. Cileungsi, Kabupaten Bogor, Jawa Barat 16820","Gandoang, Kec. Cileungsi, Kabupaten Bogor",PAPUA,16820.0,Indonesia,,,,-64.197.382,10.700.523,https://maps.google.com/?cid=0x0:0x6fe0ecc091482a58,
komplek housing,komplek housing,Kec. Hubikosi,"Kabupaten Jayawijaya, Papua","Kabupaten Jayawijaya, Papua",PAPUA,,Indonesia,,,,-40.490.104,1.388.577.544,https://maps.google.com/?cid=0x0:0xb58476f2990a5694,
komplek housing,komplek housing,Distrik Bolakme,"Kabupaten Jayawijaya, Papua","Kabupaten Jayawijaya, Papua",PAPUA,,Indonesia,,,,-38.537.009,1.387.225.212,https://maps.google.com/?cid=0x0:0xaeb52071a18fcd8c,
komplek housing,komplek housing,Bolakme,"Distrik Bolakme, Kabupaten Jayawijaya, Papua","Kabupaten Jayawijaya, Papua",PAPUA,,Indonesia,,,,-38.429.392,1.387.342.029,https://maps.google.com/?cid=0x0:0x519665a300476eb0,
komplek housing,komplek housing,Distrik Walelagama,"Kabupaten Jayawijaya, Papua","Kabupaten Jayawijaya, Papua",PAPUA,,Indonesia,,,,-41.007.417,1.389.842.397,https://maps.google.com/?cid=0x0:0x4ec180b11b6dda4d,
komplek housing,komplek housing,Haletaga 1,"VX7C+8M6, Minimo, Distrik Miama, Kabupaten Jayawijaya, Papua 99511","Minimo, Distrik Miama, Kabupaten Jayawijaya",PAPUA,99511.0,Indonesia,,,,-41.367.122,1.389.716.357,https://maps.google.com/?cid=0x0:0x82776ec50eff7de8,
komplek housing,Pembangunan Perumahan,harkultak emenogo ke nen,"WX7V+RQ7, Walelagama, Distrik Walelagama, Kabupaten Jayawijaya, Papua","Kabupaten Jayawijaya, Papua",PAPUA,,Indonesia,,,,-40.850.228,1.389.955.716,https://maps.google.com/?cid=0x0:0x7e13d11e1c19d269,
komplek housing,Perhimpunan Pengembang Perumahan,Dusun Yabekena,"WX6V+RF, Pugima, Distrik Walelagama, Kabupaten Jayawijaya, Papua","Kabupaten Jayawijaya, Papua",PAPUA,,Indonesia,,,,-4.087.926,1.389.937.251,https://maps.google.com/?cid=0x0:0x4eaeeee902cee53c,
komplek housing,Komplek perumahan,Pawuma,"XX9C+4H, Aikima, Distrik Pisugi, Kabupaten Jayawijaya, Papua","Kabupaten Jayawijaya, Papua",PAPUA,,Indonesia,,,,-40.322.289,1.389.714.128,https://maps.google.com/?cid=0x0:0xaf93e6eaf9d8fbef,
komplek housing,komplek housing,Istana,"WXQX+3P, Siepkosi, Distrik Wame, Kabupaten Jayawijaya, Papua","Kabupaten Jayawijaya, Papua",PAPUA,,Indonesia,85219584214.0,,,-40.624.275,1.389.993.696,https://maps.google.com/?cid=0x0:0x3f33df2141f4a9cd,
komplek housing,Komplek perumahan,Honabila,"XXM6+7W, Mulima, Kec. Kurulu, Kabupaten Jayawijaya, Papua","Kabupaten Jayawijaya, Papua",PAPUA,,Indonesia,,,,-40.167.637,1.389.622.785,https://maps.google.com/?cid=0x0:0xb2bcba118d71c86f,
komplek housing,Komplek perumahan,Punaima,"XXCC+5W, Aikima, Distrik Pisugi, Kabupaten Jayawijaya, Papua","Kabupaten Jayawijaya, Papua",PAPUA,,Indonesia,,,,-40.296.166,138.972.363,https://maps.google.com/?cid=0x0:0xfee2ccf541df69c6,
komplek housing,komplek housing,Kampung Haletaga,"VX7C+3G, Sinata, Distrik Asolokobal, Kabupaten Jayawijaya, Papua","Kabupaten Jayawijaya, Papua",PAPUA,,Indonesia,,,,-41.372.964,1.389.713.323,https://maps.google.com/?cid=0x0:0xb014d1bccc9df07,
komplek housing,Perhimpunan Pengembang Perumahan,KELUARGA HUBY SIUS,"WX37+55C, Wesaput, Distrik Wamena, Kabupaten Jayawijaya, Papua 99511","Wesaput, Distrik Wamena, Kabupaten Jayawijaya",PAPUA,99511.0,Indonesia,,,,-40.968.651,1.389.624.612,https://maps.google.com/?cid=0x0:0xe4f451c9bcaca79c,
komplek housing,Gedung Apartemen,Wasmu,"Jl. Gatot Subroto No.63, Ketimavit, Distrik Wamena, Kabupaten Jayawijaya, Papua 99511","Ketimavit, Distrik Wamena, Kabupaten Jayawijaya",PAPUA,99511.0,Indonesia,,,,-41.096.028,1.389.610.206,https://maps.google.com/?cid=0x0:0x9e966adcbd15642,
komplek housing,Komplek perumahan,Husaqal abila,"XXJ6+R8, Mulima, Kec. Kurulu, Kabupaten Jayawijaya, Papua","Kabupaten Jayawijaya, Papua",PAPUA,,Indonesia,,,,-40.178.934,1.389.608.479,https://maps.google.com/?cid=0x0:0x170a0ba63e8ffa1a,
komplek housing,komplek housing,Kampung Haletaga,"V226+PCC, Kampung Mengaima, Distrik Miama, Kabupaten Jayawijaya, Papua 99511","Kampung Mengaima, Distrik Miama, Kabupaten Jayawijaya",PAPUA,99511.0,Indonesia,,,,-41.481.955,1.390.110.305,https://maps.google.com/?cid=0x0:0x55fe15cad6754ba4,
komplek housing,Pembangunan Perumahan,Batu-bata,"WX36+GMP, Wesaput, Distrik Wamena, Kabupaten Jayawijaya, Papua 99511","Wesaput, Distrik Wamena, Kabupaten Jayawijaya",PAPUA,99511.0,Indonesia,,,,-40.957.067,1.389.607.919,https://maps.google.com/?cid=0x0:0x505e15811088ba85,
komplek housing,komplek housing,Kec. Musatfak,"Kabupaten Jayawijaya, Papua","Kabupaten Jayawijaya, Papua",PAPUA,,Indonesia,,,,-40.029.267,1.388.661.179,https://maps.google.com/?cid=0x0:0x597f05d595f663f6,
komplek housing,komplek housing,Wulabima,"2WC7+F9M, Eragama, Kec. Kurulu, Kabupaten Jayawijaya, Papua","Kabupaten Jayawijaya, Papua",PAPUA,,Indonesia,,,,-39.787.877,1.389.134.358,https://maps.google.com/?cid=0x0:0x82503db3844c6bb4,
komplek housing,Komplek perumahan,Usilimo,"3VC8+XX7, Usilimo, Distrik Wesaput, Kabupaten Jayawijaya, Papua","Kabupaten Jayawijaya, Papua",PAPUA,,Indonesia,,,,-39.275.897,1.388.674.138,https://maps.google.com/?cid=0x0:0xadafa46c84b35939,
komplek housing,Pembangunan Perumahan,Dusun Gonam,"2R67+55, Miliama, Distrik Asologaima, Kabupaten Jayawijaya, Papua","Kabupaten Jayawijaya, Papua",PAPUA,,Indonesia,,,,-39.895.105,1.388.129.957,https://maps.google.com/?cid=0x0:0x8c7b8ff2ee90d950,
komplek housing,Komplek perumahan,Wosialah Kampung,"3VJV+5CG, Wosiala, Kec. Kurulu, Kabupaten Jayawijaya, Papua 99554","Wosiala, Kec. Kurulu, Kabupaten Jayawijaya",PAPUA,99554.0,Indonesia,,,,-39.195.734,138.893.566,https://maps.google.com/?cid=0x0:0xf4a5886aa8407c57,
komplek housing,Komplek perumahan,Desa Alona,"3VM6+JQM, Usilimo - Karubaga, Usilimo, Distrik Wesaput, Kabupaten Jayawijaya, Papua","Kabupaten Jayawijaya, Papua",PAPUA,,Indonesia,,,,-39.159.119,1.388.619.355,https://maps.google.com/?cid=0x0:0xfe2c26171da7d2f8,
komplek housing,Komplek perumahan,Kampung wollo,"5V38+V8J, Pirambot, Wollo, Kabupaten Jayawijaya, Papua","Kabupaten Jayawijaya, Papua",PAPUA,,Indonesia,,,,-38.452.753,138.865.767,https://maps.google.com/?cid=0x0:0x7d3cb826b534c5dd,
komplek housing,komplek housing,Wollo,"Kabupaten Jayawijaya, Papua","Kabupaten Jayawijaya, Papua",PAPUA,,Indonesia,,,,-38.452.753,138.865.767,https://maps.google.com/?cid=0x0:0x64847b917c991605,
komplek housing,komplek housing,Papua 99557,"Kabupaten Mamberamo Tengah, Papua","Kabupaten Mamberamo Tengah, Papua",PAPUA,,Indonesia,,,,-37.408.827,1.389.404.364,https://maps.google.com/?cid=0x0:0xb128d87fca34f08d,
komplek housing,komplek housing,Distrik Asolokobal,"Kabupaten Jayawijaya, Papua","Kabupaten Jayawijaya, Papua",PAPUA,,Indonesia,,,,-41.326.299,1.389.528.278,https://maps.google.com/?cid=0x0:0x6dec72258c529071,
komplek housing,Perusahaan Konstruksi,Perumahan Koramil Sinakma,"VWVJ+WHW, Hurekama, Distrik Wamena, Kabupaten Jayawijaya, Papua 99511","Hurekama, Distrik Wamena, Kabupaten Jayawijaya",PAPUA,99511.0,Indonesia,,,,-4.105.891,1.389.311.934,https://maps.google.com/?cid=0x0:0x9b944dbed46d5a74,
komplek housing,Komplek perumahan,Kompleks orang kogoya,"VWWG+V9J, Hurekama, Distrik Wamena, Kabupaten Jayawijaya, Papua 99511","Hurekama, Distrik Wamena, Kabupaten Jayawijaya",PAPUA,99511.0,Indonesia,,,,-41.027.917,1.389.258.923,https://maps.google.com/?cid=0x0:0x9b5647bcf245b28b,
komplek housing,Kantor Pemerintah,PEKUBURAN UMUM HITIGIMA,"RXFQ+3MV, Asotipo, Distrik Asolokobal, Kabupaten Jayawijaya, Papua 99511","Asotipo, Distrik Asolokobal, Kabupaten Jayawijaya",PAPUA,99511.0,Indonesia,,,,-4.176.212,138.989.887,https://maps.google.com/?cid=0x0:0xa9bf7ce087bef79f,
komplek housing,Pembangunan Perumahan,Welco,"VW64+CJX, Walesi, Distrik Silo Karno Doga, Kabupaten Jayawijaya, Papua 99511","Walesi, Distrik Silo Karno Doga, Kabupaten Jayawijaya",PAPUA,99511.0,Indonesia,,,,-41.388.754,1.389.065.982,https://maps.google.com/?cid=0x0:0xebbca37477ea1f3f,
komplek housing,komplek housing,Kampung Haletaga,"VX7C+3G, Sinata, Distrik Asolokobal, Kabupaten Jayawijaya, Papua","Kabupaten Jayawijaya, Papua",PAPUA,,Indonesia,,,,-41.372.964,1.389.713.323,https://maps.google.com/?cid=0x0:0xb014d1bccc9df07,
komplek housing,Komplek perumahan,House of NPagawak,"VXV2+W6Q, Ketimavit, Distrik Wamena, Kabupaten Jayawijaya, Papua 99511","Ketimavit, Distrik Wamena, Kabupaten Jayawijaya",PAPUA,99511.0,Indonesia,,,,-41.042.177,1.389.501.639,https://maps.google.com/?cid=0x0:0xcd339cd025afd796,
komplek housing,Komplek perumahan,Kompleks Waklam,"WX34+G3J, Wesaput, Distrik Wamena, Kabupaten Jayawijaya, Papua 99511","Wesaput, Distrik Wamena, Kabupaten Jayawijaya",PAPUA,99511.0,Indonesia,,,,-40.961.734,1.389.551.255,https://maps.google.com/?cid=0x0:0x3469525f37f6f2c2,
komplek housing,Komplek perumahan,Rumah kos Olala,"WWGM+9VM, Hubikiak, Distrik Bugi, Kabupaten Jayawijaya, Papua","Kabupaten Jayawijaya, Papua",PAPUA,,Indonesia,,,,-40.740.325,1.389.346.622,https://maps.google.com/?cid=0x0:0x51597b228242bc1b,
komplek housing,Pembangunan Perumahan,Komp Gatason (GTS),"VXX2+F4X, Wamena Kota, Distrik Wamena, Kabupaten Jayawijaya, Papua 99511","Wamena Kota, Distrik Wamena, Kabupaten Jayawijaya",PAPUA,99511.0,Indonesia,,,,-41.012.606,1.389.503.663,https://maps.google.com/?cid=0x0:0x7fbb74d4522d4001,
komplek housing,Komplek perumahan,Hulekama Komplek wanimbo,"VWVG+4P3, Jl. Irian, kimbim, Distrik Piramid, Kabupaten Jayawijaya, Papua 99511","Jl. Irian, kimbim, Distrik Piramid, Kabupaten Jayawijaya",PAPUA,99511.0,Indonesia,,,,-41.072.407,1.389.267.912,https://maps.google.com/?cid=0x0:0x72d19304e048cff8,
komplek housing,Komplek perumahan,Mabes Buselek,"VWWH+JGC, Perumahan Pemda Lama Sinakma, Hurekama, Distrik Wamena, Kabupaten Jayawijaya, Papua 99511","Perumahan Pemda Lama Sinakma, Hurekama, Distrik Wamena, Kabupaten Jayawijaya",PAPUA,99511.0,Indonesia,,,,-41.034.251,1.389.287.767,https://maps.google.com/?cid=0x0:0xa638001b773164b1,
komplek housing,Komplek perumahan,Disini,"VWWJ+8C5, Jl. Irian, Hurekama, Distrik Wamena, Kabupaten Jayawijaya, Papua 99511","Jl. Irian, Hurekama, Distrik Wamena, Kabupaten Jayawijaya",PAPUA,99511.0,Indonesia,82116727682.0,,,-41.042.457,1.389.311.248,https://maps.google.com/?cid=0x0:0xbf036543a3485bf5,
komplek housing,Komplek perumahan,Kompleks Barak Pengungsi,"WW5R+3JM, Jl. SD. Percobaan, Wamena Kota, Distrik Wamena, Kabupaten Jayawijaya, Papua","Kabupaten Jayawijaya, Papua",PAPUA,,Indonesia,,,,-40.922.826,138.941.536,https://maps.google.com/?cid=0x0:0x6948d17b401d9dbb,
komplek housing,Pembangunan Perumahan,IQBAL HASRIYANTO,"WW3P+VQ, Honelama, Distrik Wamena, Kabupaten Jayawijaya, Papua 99511","Honelama, Distrik Wamena, Kabupaten Jayawijaya",PAPUA,99511.0,Indonesia,81196501996.0,,,-4.095.301,1.389.369.521,https://maps.google.com/?cid=0x0:0x233fb92b58750500,
komplek housing,Komplek perumahan,Komplex siper,"VWRJ+VCQ, Hurekama, Distrik Wamena, Kabupaten Jayawijaya, Papua 99511","Hurekama, Distrik Wamena, Kabupaten Jayawijaya",PAPUA,99511.0,Indonesia,,,,-41.086.373,1.389.315.863,https://maps.google.com/?cid=0x0:0x3fe3868b9015dd85,
komplek housing,Perhimpunan Pengembang Perumahan,Dusun PNIEL,"VWWX+G7Q, Wouma, Distrik Piramid, Kabupaten Jayawijaya, Papua","Kabupaten Jayawijaya, Papua",PAPUA,,Indonesia,,,,-41.036.554,1.389.482.374,https://maps.google.com/?cid=0x0:0x55ee143751fd9c5e,
komplek housing,Pembangunan Perumahan,kurima,"R224+59H, Sogokmo, Distrik Asotipo, Kabupaten Jayawijaya, Papua 99511","Sogokmo, Distrik Asotipo, Kabupaten Jayawijaya",PAPUA,99511.0,Indonesia,,,,-41.995.684,1.390.059.852,https://maps.google.com/?cid=0x0:0xf3e6dde3f015a08a,
komplek housing,Galeri Seni,Rumah Kogonggu,"WW2J+FJV, Honelama, Distrik Wamena, Kabupaten Jayawijaya, Papua 99511","Honelama, Distrik Wamena, Kabupaten Jayawijaya",PAPUA,99511.0,Indonesia,,,,-40.987.685,1.389.315.417,https://maps.google.com/?cid=0x0:0x455fb99335389a02,
komplek housing,Komplek perumahan,Home Base SIK,"Hurekama, Distrik Wamena, Kabupaten Jayawijaya, Papua","Kabupaten Jayawijaya, Papua",PAPUA,,Indonesia,,,,-4.099.852,1.389.398.472,https://maps.google.com/?cid=0x0:0x1bdae1be42e651c8,
komplek housing,Gedung Apartemen,Wasmu,"Jl. Gatot Subroto No.63, Ketimavit, Distrik Wamena, Kabupaten Jayawijaya, Papua 99511","Ketimavit, Distrik Wamena, Kabupaten Jayawijaya",PAPUA,99511.0,Indonesia,,,,-41.096.028,1.389.610.206,https://maps.google.com/?cid=0x0:0x9e966adcbd15642,
komplek housing,komplek housing,Rumah Qiwonak,"WW2J+FJV, Honelama, Distrik Wamena, Kabupaten Jayawijaya, Papua 99511","Honelama, Distrik Wamena, Kabupaten Jayawijaya",PAPUA,99511.0,Indonesia,,,,-40.987.822,1.389.314.972,https://maps.google.com/?cid=0x0:0xdf2d2e0f1f60c119,
komplek housing,Restoran,Warung Basela,"WW2Q+3W8, Jl. Yos Sudarso, Hurekama, Distrik Wamena, Kabupaten Jayawijaya, Papua 99511","Jl. Yos Sudarso, Hurekama, Distrik Wamena, Kabupaten Jayawijaya",PAPUA,99511.0,Indonesia,,,,-40.998.424,1.389.398.427,https://maps.google.com/?cid=0x0:0xa21a7f5c33d3ab2e,
komplek housing,komplek housing,Kampung Haletaga,"V226+PCC, Kampung Mengaima, Distrik Miama, Kabupaten Jayawijaya, Papua 99511","Kampung Mengaima, Distrik Miama, Kabupaten Jayawijaya",PAPUA,99511.0,Indonesia,,,,-41.481.955,1.390.110.305,https://maps.google.com/?cid=0x0:0x55fe15cad6754ba4,
komplek housing,Komplek perumahan,YALKOM POTI,"Jl. SD. Percobaan, Kama, Distrik Wesaput, Kabupaten Jayawijaya, Papua 99511","Kama, Distrik Wesaput, Kabupaten Jayawijaya",PAPUA,99511.0,Indonesia,,,,-4.085.915,1.389.382.093,https://maps.google.com/?cid=0x0:0xaf67a14d7aa75c17,
komplek housing,Pembangunan Perumahan,Rustol honelama,"WW2F+82G, Hurekama, Distrik Wamena, Kabupaten Jayawijaya, Papua 99511","Hurekama, Distrik Wamena, Kabupaten Jayawijaya",PAPUA,99511.0,Indonesia,,,,-40.991.954,1.389.225.928,https://maps.google.com/?cid=0x0:0xef47c873c4212280,
komplek housing,Komplek perumahan,Base PGS Saja,"WW85+F4W, Gunung Susu, Distrik Wamena, Kabupaten Jayawijaya, Papua 99511","Gunung Susu, Distrik Wamena, Kabupaten Jayawijaya",PAPUA,99511.0,Indonesia,,,,-4.083.774,1.389.078.426,https://maps.google.com/?cid=0x0:0x3826514409c402b2,
komplek housing,Perumahan rakyat,Robin's Home,"WW3J+6X2, Jl. Sosial, Honelama, Distrik Wamena, Kabupaten Jayawijaya, Papua 99511","Jl. Sosial, Honelama, Distrik Wamena, Kabupaten Jayawijaya",PAPUA,99511.0,Indonesia,,,,-40.969.937,1.389.324.027,https://maps.google.com/?cid=0x0:0xdf4033333498a1a2,
komplek housing,Sekolah,Lorong Argentina Komplex YPK,"WW2Q+WJF, Hurekama, Distrik Wamena, Kabupaten Jayawijaya, Papua 99511","Hurekama, Distrik Wamena, Kabupaten Jayawijaya",PAPUA,99511.0,Indonesia,,,,-4.097.691,1.389.390.426,https://maps.google.com/?cid=0x0:0x705b385db2ab4c96,
komplek housing,Pembangunan Perumahan,O Villia ukul owa,"WQXR+JR9, Ibele, Distrik Bpiri, Kabupaten Jayawijaya, Papua 99566","Ibele, Distrik Bpiri, Kabupaten Jayawijaya",PAPUA,99566.0,Indonesia,,,,-40.509.708,1.387.921.043,https://maps.google.com/?cid=0x0:0xffb7ef324e72872d,
komplek housing,Perhimpunan Pengembang Perumahan,Kampung Holaliba,"WQXV+CQ5, Jl, Ibele, Distrik Bpiri, Kabupaten Jayawijaya, Papua 99566","Jl, Ibele, Distrik Bpiri, Kabupaten Jayawijaya",PAPUA,99566.0,Indonesia,,,,-40.514.956,1.387.944.857,https://maps.google.com/?cid=0x0:0xcc838a1924b03b71,
komplek housing,Kompleks Townhouse,Jatos 6,"Jl. Cemp., RT.005/RW.007, Jatiwaringin, Kec. Pd. Gede, Kota Bks, Jawa Barat 17411","RT.005/RW.007, Jatiwaringin, Kec. Pd. Gede, Kota Bks",PAPUA,17411.0,Indonesia,85179971070.0,,,-62.710.637,106.928.173,https://maps.google.com/?cid=0x0:0x205b620f27592682,
komplek housing,Komplek perumahan,Perumahan Kyra Residence 3 kantor pemasaran,"Jl. Gudang Bin Ali, Bahagia, Kec. Babelan, Kabupaten Bekasi, Jawa Barat 17610","Bahagia, Kec. Babelan, Kabupaten Bekasi",PAPUA,17610.0,Indonesia,82112762916.0,,,-61.945.388,1.070.274.494,https://maps.google.com/?cid=0x0:0x3874af9c9c530e23,
komplek housing,Komplek perumahan,Emerald Townhouse,"Parigi, Kec. Pd. Aren, Kota Tangerang Selatan, Banten","Kota Tangerang Selatan, Banten",PAPUA,,Indonesia,,,,-62.820.766,1.067.006.705,https://maps.google.com/?cid=0x0:0xa484e630ab2f5e3a,
komplek housing,Pengembang Realestat,CATALIA PRIVATE RESIDENCE 3,"Jl. Baru No.35-41, RT.3/RW.06, Jatimurni, Kec. Pd. Melati, Kota Bks, Jawa Barat 17341","RT.3/RW.06, Jatimurni, Kec. Pd. Melati, Kota Bks",PAPUA,17341.0,Indonesia,85280155595.0,,,-63.307.247,1.069.228.958,https://maps.google.com/?cid=0x0:0xe83868a97c64a80e,
komplek housing,Kompleks Kondominium,Puri Nilam Kencana,"Puri Nilam Kencana Gg. Buntu Blok AU, No. 6, Jatirahayu, Kec. Pd. Melati, Kota Bks, Jawa Barat 17413","No. 6, Jatirahayu, Kec. Pd. Melati, Kota Bks",PAPUA,17413.0,Indonesia,88212554680.0,,,-62.903.689,1.069.226.453,https://maps.google.com/?cid=0x0:0xcb28b86c64260d16,
komplek housing,Komplek perumahan,"Kampung Ilenam, Distrik Usilimo,Kabupaten Jayawijaya","3RVM+7W7, Siba, Kec. Kurulu, Kabupaten Jayawijaya, Papua","Kabupaten Jayawijaya, Papua",PAPUA,,Indonesia,,,,-39.068.475,1.388.348.115,https://maps.google.com/?cid=0x0:0x81d36859e7a9e55f,
komplek housing,Komplek perumahan,Usilimo,"3VC8+XX7, Usilimo, Distrik Wesaput, Kabupaten Jayawijaya, Papua","Kabupaten Jayawijaya, Papua",PAPUA,,Indonesia,,,,-39.275.897,1.388.674.138,https://maps.google.com/?cid=0x0:0xadafa46c84b35939,
komplek housing,komplek housing,Distrik Yalengga,"Kabupaten Jayawijaya, Papua","Kabupaten Jayawijaya, Papua",PAPUA,,Indonesia,,,,-38.816.184,1.387.966.334,https://maps.google.com/?cid=0x0:0xb1c1eac2c795207b,
komplek housing,Komplek perumahan,Avana Residence,"Jatimulya, Kec. Tambun Sel., Kabupaten Bekasi, Jawa Barat","Kabupaten Bekasi, Jawa Barat",PAPUA,,Indonesia,,,,-62.678.361,1.070.171.137,https://maps.google.com/?cid=0x0:0x73076744a3272af1,
komplek housing,Komplek perumahan,Perumahan Bekasi Griya Pratama,"Q3FP+5R3, Sumberjaya, Kec. Tambun Sel., Kabupaten Bekasi, Jawa Barat 17510","Sumberjaya, Kec. Tambun Sel., Kabupaten Bekasi",PAPUA,17510.0,Indonesia,,,,-6.227.112,1.070.870.565,https://maps.google.com/?cid=0x0:0x706f8207684dc0b9,
komplek housing,Otoritas Perumahan,BTR Daerah Khusus Cagar Betawi,"Jalan Raya Setu btr regensi Bantar Gebang Padurenan, Cimuning, Kec. Mustika Jaya, Kota Bks, Jawa Barat 17155","Cimuning, Kec. Mustika Jaya, Kota Bks",PAPUA,17155.0,Indonesia,,,,-63.287.412,107.018.581,https://maps.google.com/?cid=0x0:0x146b9756781d157d,
komplek housing,komplek housing,Papua 99511,"Kabupaten Jayawijaya, Papua","Kabupaten Jayawijaya, Papua",PAPUA,,Indonesia,,,,-41.714.095,1.390.009.403,https://maps.google.com/?cid=0x0:0x46f6e5d8d994670b,
komplek housing,komplek housing,Trikora,"Distrik Wamena, Kabupaten Jayawijaya, Papua","Kabupaten Jayawijaya, Papua",PAPUA,,Indonesia,,,,-42.950.352,1.386.990.679,https://maps.google.com/?cid=0x0:0x7e7d51bcf1ddb57c,
komplek housing,Komplek perumahan,Jalan trikora,"MVF4+995, RT.9/RW.9, Cijantung, Kec. Ps. Rebo, Kota Jakarta Timur, Daerah Khusus Ibukota Jakarta 13780","RT.9/RW.9, Cijantung, Kec. Ps. Rebo, Kota Jakarta Timur",PAPUA,13780.0,Indonesia,,,,-63.266.038,1.068.559.877,https://maps.google.com/?cid=0x0:0x8ba2a1352f82eece,
komplek housing,Pembangunan Perumahan,Welco,"VW64+CJX, Walesi, Distrik Silo Karno Doga, Kabupaten Jayawijaya, Papua 99511","Walesi, Distrik Silo Karno Doga, Kabupaten Jayawijaya",PAPUA,99511.0,Indonesia,,,,-41.388.754,1.389.065.982,https://maps.google.com/?cid=0x0:0xebbca37477ea1f3f,
komplek housing,Komplek perumahan,Eklesia,"VWM3+VJ, Hurekama, Distrik Silo Karno Doga, Kabupaten Jayawijaya, Papua","Kabupaten Jayawijaya, Papua",PAPUA,,Indonesia,,,,-41.205.627,1.389.020.257,https://maps.google.com/?cid=0x0:0xf2b8374ca9ec11ac,
komplek housing,komplek housing,Komplek Housing,"Blok Bojong Nangka I, Jl. Ring Rudal Blok Bojong Nangka I No.68, RT.001/RW.007, Jatirahayu, Kec. Pd. Melati, Kota Bks, Jawa Barat 17414","Jl. Ring Rudal Blok Bojong Nangka I No.68, RT.001/RW.007, Jatirahayu, Kec. Pd. Melati, Kota Bks",PAPUA,17414.0,Indonesia,,,,-6.293.724,1.069.165.114,https://maps.google.com/?cid=0x0:0x9c50464976dee674,
komplek housing,Kompleks Townhouse,najfat_House,"JPXP+QCW, Gg. Asem, Pamulang Bar., Kec. Pamulang, Kota Tangerang Selatan, Banten 15417","Gg. Asem, Pamulang Bar., Kec. Pamulang, Kota Tangerang Selatan",PAPUA,15417.0,Indonesia,,,,-6.350.503,1.067.360.904,https://maps.google.com/?cid=0x0:0x10fe0b162e564447,
komplek housing,komplek housing,Walaik,"Distrik Piramid, Kabupaten Jayawijaya, Papua","Kabupaten Jayawijaya, Papua",PAPUA,,Indonesia,,,,-42.075.591,1.388.196.226,https://maps.google.com/?cid=0x0:0x7cd3812b1ffe31d,
komplek housing,Pembangunan Perumahan,Welco,"VW64+CJX, Walesi, Distrik Silo Karno Doga, Kabupaten Jayawijaya, Papua 99511","Walesi, Distrik Silo Karno Doga, Kabupaten Jayawijaya",PAPUA,99511.0,Indonesia,,,,-41.388.754,1.389.065.982,https://maps.google.com/?cid=0x0:0xebbca37477ea1f3f,
komplek housing,Perhimpunan Pengembang Perumahan,Pak Kalolik pu rumah,"VVW6+CCX, Wililimo, Kec. Hubikosi, Kabupaten Jayawijaya, Papua 99511","Wililimo, Kec. Hubikosi, Kabupaten Jayawijaya",PAPUA,99511.0,Indonesia,,,,-41.038.901,1.388.610.962,https://maps.google.com/?cid=0x0:0x793fd06e97ef067f,
komplek housing,komplek housing,Wouma,"Distrik Piramid, Kabupaten Jayawijaya, Papua","Kabupaten Jayawijaya, Papua",PAPUA,,Indonesia,,,,-41.101.953,1.389.429.561,https://maps.google.com/?cid=0x0:0xf8296c55b0c35931,
komplek housing,Komplek perumahan,House of NPagawak,"VXV2+W6Q, Ketimavit, Distrik Wamena, Kabupaten Jayawijaya, Papua 99511","Ketimavit, Distrik Wamena, Kabupaten Jayawijaya",PAPUA,99511.0,Indonesia,,,,-41.042.177,1.389.501.639,https://maps.google.com/?cid=0x0:0xcd339cd025afd796,
komplek housing,Komplek perumahan,Hulekama Komplek wanimbo,"VWVG+4P3, Jl. Irian, kimbim, Distrik Piramid, Kabupaten Jayawijaya, Papua 99511","Jl. Irian, kimbim, Distrik Piramid, Kabupaten Jayawijaya",PAPUA,99511.0,Indonesia,,,,-41.072.407,1.389.267.912,https://maps.google.com/?cid=0x0:0x72d19304e048cff8,
komplek housing,Komplek perumahan,Kompleks Waklam,"WX34+G3J, Wesaput, Distrik Wamena, Kabupaten Jayawijaya, Papua 99511","Wesaput, Distrik Wamena, Kabupaten Jayawijaya",PAPUA,99511.0,Indonesia,,,,-40.961.734,1.389.551.255,https://maps.google.com/?cid=0x0:0x3469525f37f6f2c2,
komplek housing,Komplek perumahan,Disini,"VWWJ+8C5, Jl. Irian, Hurekama, Distrik Wamena, Kabupaten Jayawijaya, Papua 99511","Jl. Irian, Hurekama, Distrik Wamena, Kabupaten Jayawijaya",PAPUA,99511.0,Indonesia,82116727682.0,,,-41.042.457,1.389.311.248,https://maps.google.com/?cid=0x0:0xbf036543a3485bf5,
komplek housing,komplek housing,Rumah Qiwonak,"WW2J+FJV, Honelama, Distrik Wamena, Kabupaten Jayawijaya, Papua 99511","Honelama, Distrik Wamena, Kabupaten Jayawijaya",PAPUA,99511.0,Indonesia,,,,-40.987.822,1.389.314.972,https://maps.google.com/?cid=0x0:0xdf2d2e0f1f60c119,
komplek housing,Komplek perumahan,Kompleks orang kogoya,"VWWG+V9J, Hurekama, Distrik Wamena, Kabupaten Jayawijaya, Papua 99511","Hurekama, Distrik Wamena, Kabupaten Jayawijaya",PAPUA,99511.0,Indonesia,,,,-41.027.917,1.389.258.923,https://maps.google.com/?cid=0x0:0x9b5647bcf245b28b,
komplek housing,Galeri Seni,Rumah Kogonggu,"WW2J+FJV, Honelama, Distrik Wamena, Kabupaten Jayawijaya, Papua 99511","Honelama, Distrik Wamena, Kabupaten Jayawijaya",PAPUA,99511.0,Indonesia,,,,-40.987.685,1.389.315.417,https://maps.google.com/?cid=0x0:0x455fb99335389a02,
komplek housing,Komplek perumahan,Komplex siper,"VWRJ+VCQ, Hurekama, Distrik Wamena, Kabupaten Jayawijaya, Papua 99511","Hurekama, Distrik Wamena, Kabupaten Jayawijaya",PAPUA,99511.0,Indonesia,,,,-41.086.373,1.389.315.863,https://maps.google.com/?cid=0x0:0x3fe3868b9015dd85,
komplek housing,Sekolah,Lorong Argentina Komplex YPK,"WW2Q+WJF, Hurekama, Distrik Wamena, Kabupaten Jayawijaya, Papua 99511","Hurekama, Distrik Wamena, Kabupaten Jayawijaya",PAPUA,99511.0,Indonesia,,,,-4.097.691,1.389.390.426,https://maps.google.com/?cid=0x0:0x705b385db2ab4c96,
komplek housing,Gedung Apartemen,Wasmu,"Jl. Gatot Subroto No.63, Ketimavit, Distrik Wamena, Kabupaten Jayawijaya, Papua 99511","Ketimavit, Distrik Wamena, Kabupaten Jayawijaya",PAPUA,99511.0,Indonesia,,,,-41.096.028,1.389.610.206,https://maps.google.com/?cid=0x0:0x9e966adcbd15642,
komplek housing,Komplek perumahan,DSG,"VWWG+7R, Hurekama, Distrik Wamena, Kabupaten Jayawijaya, Papua","Kabupaten Jayawijaya, Papua",PAPUA,,Indonesia,82113574052.0,,,-4.104.343,138.927.108,https://maps.google.com/?cid=0x0:0x2ee62cc3d45bccc7,
komplek housing,komplek housing,Wenda,"VWWG+XCC, Hurekama, Distrik Wamena, Kabupaten Jayawijaya, Papua 99511","Hurekama, Distrik Wamena, Kabupaten Jayawijaya",PAPUA,99511.0,Indonesia,,,,-41.025.589,1.389.260.214,https://maps.google.com/?cid=0x0:0x230b48e6258ecc55,
komplek housing,Komplek perumahan,"RUMAH WIWEN, DAVID HALUK","VWPC+6H, Hurekama, Distrik Wamena, Kabupaten Jayawijaya, Papua","Kabupaten Jayawijaya, Papua",PAPUA,,Indonesia,,,,-4.114.125,1.389.208.334,https://maps.google.com/?cid=0x0:0x8a3787821c0bd603,
komplek housing,Komplek perumahan,Rumah Bapa Rohadi (Wamena),"VWXP+FCV, Hurekama, Distrik Wamena, Kabupaten Jayawijaya, Papua","Kabupaten Jayawijaya, Papua",PAPUA,,Indonesia,,,,-41.012.513,1.389.360.599,https://maps.google.com/?cid=0x0:0x756f9e5048fdc31c,
komplek housing,Perhimpunan Pengembang Perumahan,Dusun PNIEL,"VWWX+G7Q, Wouma, Distrik Piramid, Kabupaten Jayawijaya, Papua","Kabupaten Jayawijaya, Papua",PAPUA,,Indonesia,,,,-41.036.554,1.389.482.374,https://maps.google.com/?cid=0x0:0x55ee143751fd9c5e,
komplek housing,Pembangunan Perumahan,Komp Gatason (GTS),"VXX2+F4X, Wamena Kota, Distrik Wamena, Kabupaten Jayawijaya, Papua 99511","Wamena Kota, Distrik Wamena, Kabupaten Jayawijaya",PAPUA,99511.0,Indonesia,,,,-41.012.606,1.389.503.663,https://maps.google.com/?cid=0x0:0x7fbb74d4522d4001,
komplek housing,komplek housing,Green House,"WW3W+23J, Jl. Ahmad Yani, Wamena Kota, Distrik Wamena, Kabupaten Jayawijaya, Papua 99511","Jl. Ahmad Yani, Wamena Kota, Distrik Wamena, Kabupaten Jayawijaya",PAPUA,99511.0,Indonesia,,,,-40.974.197,1.389.451.479,https://maps.google.com/?cid=0x0:0x3e815857060af4bc,
komplek housing,komplek housing,Rumah Ersam,"VWXR+9WX, Jl. Diponegoro, Wamena Kota, Distrik Wamena, Kabupaten Jayawijaya, Papua 99511","Jl. Diponegoro, Wamena Kota, Distrik Wamena, Kabupaten Jayawijaya",PAPUA,99511.0,Indonesia,,,,-41.015.072,1.389.423.584,https://maps.google.com/?cid=0x0:0xeb03d4b2352bb3ef,
komplek housing,Komplek perumahan,TANAH KOSONG 1,"WW4R+XQP, Wamena Kota, Distrik Wamena, Kabupaten Jayawijaya, Papua 99511","Wamena Kota, Distrik Wamena, Kabupaten Jayawijaya",PAPUA,99511.0,Indonesia,,,,-40.925.447,1.389.419.674,https://maps.google.com/?cid=0x0:0x98f01669e80ec8b,
komplek housing,Restoran,Warung Basela,"WW2Q+3W8, Jl. Yos Sudarso, Hurekama, Distrik Wamena, Kabupaten Jayawijaya, Papua 99511","Jl. Yos Sudarso, Hurekama, Distrik Wamena, Kabupaten Jayawijaya",PAPUA,99511.0,Indonesia,,,,-40.998.424,1.389.398.427,https://maps.google.com/?cid=0x0:0xa21a7f5c33d3ab2e,
komplek housing,Komplek perumahan,AWENDU RUMAH,"VWXX+P4X, Wamena Kota, Distrik Wamena, Kabupaten Jayawijaya, Papua 99511","Wamena Kota, Distrik Wamena, Kabupaten Jayawijaya",PAPUA,99511.0,Indonesia,,,,-41.005.915,1.389.478.213,https://maps.google.com/?cid=0x0:0x291cf0d0e54feb12,
komplek housing,Komplek perumahan,Rumah,"WW6R+GVR, Jl. Hom-Hom, Kama, Distrik Wamena, Kabupaten Jayawijaya, Papua 99511","Jl. Hom-Hom, Kama, Distrik Wamena, Kabupaten Jayawijaya",PAPUA,99511.0,Indonesia,81247645647.0,,,-40.884.805,1.389.418.501,https://maps.google.com/?cid=0x0:0x8087a2a8d3f3a187,
komplek housing,Komplek perumahan,Rumah jhon arung,"WW2M+4WM, Hurekama, Distrik Wamena, Kabupaten Jayawijaya, Papua 99511","Hurekama, Distrik Wamena, Kabupaten Jayawijaya",PAPUA,99511.0,Indonesia,,,,-40.996.499,1.389.347.924,https://maps.google.com/?cid=0x0:0x6b61303a1b740f14,
komplek housing,Perumahan rakyat,Robin's Home,"WW3J+6X2, Jl. Sosial, Honelama, Distrik Wamena, Kabupaten Jayawijaya, Papua 99511","Jl. Sosial, Honelama, Distrik Wamena, Kabupaten Jayawijaya",PAPUA,99511.0,Indonesia,,,,-40.969.937,1.389.324.027,https://maps.google.com/?cid=0x0:0xdf4033333498a1a2,
komplek housing,komplek housing,Hubikiak,"Distrik Bugi, Kabupaten Jayawijaya, Papua","Kabupaten Jayawijaya, Papua",PAPUA,,Indonesia,,,,-40.583.185,1.389.051.723,https://maps.google.com/?cid=0x0:0x3b91911fb23f35d6,
komplek housing,Komplek perumahan,Base PGS Saja,"WW85+F4W, Gunung Susu, Distrik Wamena, Kabupaten Jayawijaya, Papua 99511","Gunung Susu, Distrik Wamena, Kabupaten Jayawijaya",PAPUA,99511.0,Indonesia,,,,-4.083.774,1.389.078.426,https://maps.google.com/?cid=0x0:0x3826514409c402b2,
komplek housing,Pembangunan Perumahan,Kampung Yiluak,"WVVM+MQG, Kampung Yiluak, Meagama, Kec. Hubikosi, Kabupaten Jayawijaya, Papua 99566","Kampung Yiluak, Meagama, Kec. Hubikosi, Kabupaten Jayawijaya",PAPUA,99566.0,Indonesia,,,,-40.558.071,1.388.844.552,https://maps.google.com/?cid=0x0:0x495e94ed07bf1556,
komplek housing,Pembangunan Perumahan,Soyma akorem welagorek,"XV5V+HP, Hubikiak, Kec. Hubikosi, Kabupaten Jayawijaya, Papua 99566","Hubikiak, Kec. Hubikosi, Kabupaten Jayawijaya",PAPUA,99566.0,Indonesia,,,,-4.041.097,138.894.359,https://maps.google.com/?cid=0x0:0xe45a3bd3c9c91b27,
komplek housing,komplek housing,UGD Gangk,"WWGM+P7, Hetuma, Distrik Bugi, Kabupaten Jayawijaya, Papua","Kabupaten Jayawijaya, Papua",PAPUA,,Indonesia,,,,-4.073.876,138.933.481,https://maps.google.com/?cid=0x0:0x2967006de3a9d297,
komplek housing,komplek housing,Keluarga Walela,"WWHG+P8J, Jl. Ke Muai, Honelama, Distrik Wamena, Kabupaten Jayawijaya, Papua","Kabupaten Jayawijaya, Papua",PAPUA,,Indonesia,,,,-40.706.731,1.389.257.636,https://maps.google.com/?cid=0x0:0x5065f167a2616d3d,
komplek housing,komplek housing,KPR MUAI,"WWHG+P8J, Jl. Ke Muai, Honelama, Distrik Wamena, Kabupaten Jayawijaya, Papua","Kabupaten Jayawijaya, Papua",PAPUA,,Indonesia,,,,-40.706.731,1.389.257.636,https://maps.google.com/?cid=0x0:0x4cd7f3442f06b48f,
komplek housing,Komplek perumahan,HOMTER__SQUAD,"WW9Q+R2X, Jl. Hom-Hom, Hetuma, Distrik Bugi, Kabupaten Jayawijaya, Papua 99511","Jl. Hom-Hom, Hetuma, Distrik Bugi, Kabupaten Jayawijaya",PAPUA,99511.0,Indonesia,,,,-40.803.924,1.389.376.171,https://maps.google.com/?cid=0x0:0xdeac66541bd3d3ed,
komplek housing,Komplek perumahan,hetuima,"WW9P+73, Hetuma, Distrik Bugi, Kabupaten Jayawijaya, Papua","Kabupaten Jayawijaya, Papua",PAPUA,,Indonesia,,,,-40.817.585,1.389.351.809,https://maps.google.com/?cid=0x0:0x6e057db9b863b56b,
komplek housing,Komplek perumahan,Blok E,"WW9Q+R2X, Jl. Hom-Hom, Hetuma, Distrik Bugi, Kabupaten Jayawijaya, Papua 99511","Jl. Hom-Hom, Hetuma, Distrik Bugi, Kabupaten Jayawijaya",PAPUA,99511.0,Indonesia,,,,-40.803.924,1.389.376.171,https://maps.google.com/?cid=0x0:0x51dc04385309c06c,
komplek housing,Komplek perumahan,Puri Gavra,"WVJV+W89, Meagama, Kec. Hubikosi, Kabupaten Jayawijaya, Papua","Kabupaten Jayawijaya, Papua",PAPUA,,Indonesia,,,,-406.772,13.889.337,https://maps.google.com/?cid=0x0:0x375f6037fdf2fe2c,
komplek housing,Rumah Kayu,Moai City,"XV6R+8W6, Kosihilapok, Kec. Hubikosi, Kabupaten Jayawijaya, Papua","Kabupaten Jayawijaya, Papua",PAPUA,,Indonesia,,,,-40.392.218,1.388.922.651,https://maps.google.com/?cid=0x0:0xcf1484540cb1a06f,
komplek housing,Komplek perumahan,Kompleks hetuma,"WW7J+HW, Honelama, Distrik Wamena, Kabupaten Jayawijaya, Papua","Kabupaten Jayawijaya, Papua",PAPUA,,Indonesia,,,,-40.860.549,1.389.323.181,https://maps.google.com/?cid=0x0:0xfcddc5fc6dca66a,
komplek housing,Galeri Seni,Karogime gelok muara,"WWMH+3JR, Jl.Hom-hom, karogime, Distrik Wamena, Kabupaten Jayawijaya, Papua","Kabupaten Jayawijaya, Papua",PAPUA,,Indonesia,,,,-40.672.683,1.389.290.249,https://maps.google.com/?cid=0x0:0x5c2e084d6003ce4,
komplek housing,Komplek perumahan,OLALA SQUAD,"WWGM+P7, Hetuma, Distrik Bugi, Kabupaten Jayawijaya, Papua","Kabupaten Jayawijaya, Papua",PAPUA,,Indonesia,,,,-40.737.243,1.389.334.317,https://maps.google.com/?cid=0x0:0x36847670c19adc3a,
komplek housing,komplek housing,Komplek Housing,"Blok Bojong Nangka I, Jl. Ring Rudal Blok Bojong Nangka I No.68, RT.001/RW.007, Jatirahayu, Kec. Pd. Melati, Kota Bks, Jawa Barat 17414","Jl. Ring Rudal Blok Bojong Nangka I No.68, RT.001/RW.007, Jatirahayu, Kec. Pd. Melati, Kota Bks",PAPUA,17414.0,Indonesia,,,,-6.293.724,1.069.165.114,https://maps.google.com/?cid=0x0:0x9c50464976dee674,
komplek housing,Pembangunan Perumahan,O Villia ukul owa,"WQXR+JR9, Ibele, Distrik Bpiri, Kabupaten Jayawijaya, Papua 99566","Ibele, Distrik Bpiri, Kabupaten Jayawijaya",PAPUA,99566.0,Indonesia,,,,-40.509.708,1.387.921.043,https://maps.google.com/?cid=0x0:0xffb7ef324e72872d,
komplek housing,Perhimpunan Pengembang Perumahan,Kampung Holaliba,"WQXV+CQ5, Jl, Ibele, Distrik Bpiri, Kabupaten Jayawijaya, Papua 99566","Jl, Ibele, Distrik Bpiri, Kabupaten Jayawijaya",PAPUA,99566.0,Indonesia,,,,-40.514.956,1.387.944.857,https://maps.google.com/?cid=0x0:0xcc838a1924b03b71,
komplek housing,Komplek perumahan,Alina Residence,"M343+37X, Jl. Sakura Raya, Rawa Atug, Ciledug, Kec. Setu, Kabupaten Bekasi, Jawa Barat 17320","Jl. Sakura Raya, Rawa Atug, Ciledug, Kec. Setu, Kabupaten Bekasi",PAPUA,17320.0,Indonesia,,,,-6.344.763,1.070.532.355,https://maps.google.com/?cid=0x0:0x1129cef17d89d562,
komplek housing,Komplek perumahan,Rumah 1,"M334+MJ6, Cibening, Kec. Setu, Kabupaten Bekasi, Jawa Barat 17320","Cibening, Kec. Setu, Kabupaten Bekasi",PAPUA,17320.0,Indonesia,,,,-63.450.833,1.070.565,https://maps.google.com/?cid=0x0:0xfa5e5f308d6e04c5,
komplek housing,Komplek perumahan,Aurelle Pondok Indah,"4, RT.4/RW.10, Bintaro, Kec. Pesanggrahan, Kota Jakarta Selatan, Daerah Khusus Ibukota Jakarta","Kota Jakarta Selatan, Daerah Khusus Ibukota Jakarta",PAPUA,,Indonesia,2175811111.0,,,-62.620.471,1.067.679.731,https://maps.google.com/?cid=0x0:0x55089c6278d96564,
komplek housing,Pembangunan Perumahan,Villa Setu Permai (VSP),"Jl. Cisaat Setu No.RT 01/018, Ciledug, Kec. Setu, Kabupaten Bekasi, Jawa Barat 17320","Ciledug, Kec. Setu, Kabupaten Bekasi",PAPUA,17320.0,Indonesia,,,,-63.511.388,1.070.440.958,https://maps.google.com/?cid=0x0:0xe8bf3f772af1a0b1,
komplek housing,Kompleks Apartemen,No. 47A,"MR98+J3J, RT.10/RW.2, Jagakarsa, Kec. Jagakarsa, Kota Jakarta Selatan, Daerah Khusus Ibukota Jakarta 12620","RT.10/RW.2, Jagakarsa, Kec. Jagakarsa, Kota Jakarta Selatan",PAPUA,12620.0,Indonesia,,,,-63.309.007,1.068.151.314,https://maps.google.com/?cid=0x0:0xd6a7c9827b122503,
komplek housing,Gedung Apartemen,Apartemen Casablanca East Residence,"Jl. Pahlawan Revolusi No.2, Pd. Bambu, Kec. Duren Sawit, Kota Jakarta Timur, Daerah Khusus Ibukota Jakarta 13430","Pd. Bambu, Kec. Duren Sawit, Kota Jakarta Timur",PAPUA,13430.0,Indonesia,81977664596.0,,,-62.239.063,1.068.983.815,https://maps.google.com/?cid=0x0:0xa8675ce9552a66a6,
komplek housing,Komplek perumahan,Avana Residence,"Jatimulya, Kec. Tambun Sel., Kabupaten Bekasi, Jawa Barat","Kabupaten Bekasi, Jawa Barat",PAPUA,,Indonesia,,,,-62.678.361,1.070.171.137,https://maps.google.com/?cid=0x0:0x73076744a3272af1,
komplek housing,Kantor Perusahaan,Kertamulya Residence,"J2Q9+7M8, Taman Sari, Kec. Setu, Kabupaten Bekasi, Jawa Barat","Kabupaten Bekasi, Jawa Barat",PAPUA,,Indonesia,83861980838.0,,,-63.618.364,1.070.191.912,https://maps.google.com/?cid=0x0:0x6a66696aba1ab3fb,
komplek housing,Pengembang Realestat,Marketing Inhouse Gracia Ayu Amerta,"Gracia Ayu Amerta, Jl. Setia Mekar, Setiamekar, Kec. Tambun Sel., Kota Bks, Jawa Barat 17510","Jl. Setia Mekar, Setiamekar, Kec. Tambun Sel., Kota Bks",PAPUA,17510.0,Indonesia,81295008585.0,,,-6.249.189,1.070.412.008,https://maps.google.com/?cid=0x0:0xc9132fc41138b1ee,
komplek housing,komplek housing,Komplek Housing,"Blok Bojong Nangka I, Jl. Ring Rudal Blok Bojong Nangka I No.68, RT.001/RW.007, Jatirahayu, Kec. Pd. Melati, Kota Bks, Jawa Barat 17414","Jl. Ring Rudal Blok Bojong Nangka I No.68, RT.001/RW.007, Jatirahayu, Kec. Pd. Melati, Kota Bks",PAPUA,17414.0,Indonesia,,,,-6.293.724,1.069.165.114,https://maps.google.com/?cid=0x0:0x9c50464976dee674,
komplek housing,komplek housing,Papua 99566,"Kabupaten Jayawijaya, Papua","Kabupaten Jayawijaya, Papua",PAPUA,,Indonesia,,,,-40.345.142,1.388.397.403,https://maps.google.com/?cid=0x0:0xfd2ab8c9415b77fe,
komplek housing,komplek housing,Papua,,Papua,PAPUA,,Indonesia,,,,-4.269.928,1.380.803.529,https://maps.google.com/?cid=0x0:0xeba94e9c5eefe673,
komplek housing,Komplek perumahan,Kenisha Residence,"Jl. KH. Agus Salim, RT.001/RW.08, Bekasi Jaya, Kec. Bekasi Tim., Kota Bks, Jawa Barat 17112","RT.001/RW.08, Bekasi Jaya, Kec. Bekasi Tim., Kota Bks",PAPUA,17112.0,Indonesia,81215232039.0,,,-62.256.088,1.070.114.128,https://maps.google.com/?cid=0x0:0xa498db8322134ea9,
komplek housing,Komplek perumahan,Cluster Delima Residence Sumberjaya,"Jl. Pesona Raya, Sumberjaya, Kec. Tambun Sel., Kabupaten Bekasi, Jawa Barat 17510","Sumberjaya, Kec. Tambun Sel., Kabupaten Bekasi",PAPUA,17510.0,Indonesia,81288840090.0,,,-62.189.044,107.074.914,https://maps.google.com/?cid=0x0:0xe61d39cecc818202,
komplek housing,komplek housing,Komplek Housing,"Blok Bojong Nangka I, Jl. Ring Rudal Blok Bojong Nangka I No.68, RT.001/RW.007, Jatirahayu, Kec. Pd. Melati, Kota Bks, Jawa Barat 17414","Jl. Ring Rudal Blok Bojong Nangka I No.68, RT.001/RW.007, Jatirahayu, Kec. Pd. Melati, Kota Bks",PAPUA,17414.0,Indonesia,,,,-6.293.724,1.069.165.114,https://maps.google.com/?cid=0x0:0x9c50464976dee674,
komplek housing,komplek housing,Papua,,Papua,PAPUA,,Indonesia,,,,-4.269.928,1.380.803.529,https://maps.google.com/?cid=0x0:0xeba94e9c5eefe673,
komplek housing,komplek housing,Komplek Housing,"Blok Bojong Nangka I, Jl. Ring Rudal Blok Bojong Nangka I No.68, RT.001/RW.007, Jatirahayu, Kec. Pd. Melati, Kota Bks, Jawa Barat 17414","Jl. Ring Rudal Blok Bojong Nangka I No.68, RT.001/RW.007, Jatirahayu, Kec. Pd. Melati, Kota Bks",PAPUA,17414.0,Indonesia,,,,-6.293.724,1.069.165.114,https://maps.google.com/?cid=0x0:0x9c50464976dee674,
komplek housing,komplek housing,Papua 99511,"Kabupaten Jayawijaya, Papua","Kabupaten Jayawijaya, Papua",PAPUA,,Indonesia,,,,-41.714.095,1.390.009.403,https://maps.google.com/?cid=0x0:0x46f6e5d8d994670b,
komplek housing,komplek housing,Istana,"WXQX+3P, Siepkosi, Distrik Wame, Kabupaten Jayawijaya, Papua","Kabupaten Jayawijaya, Papua",PAPUA,,Indonesia,85219584214.0,,,-40.624.275,1.389.993.696,https://maps.google.com/?cid=0x0:0x3f33df2141f4a9cd,
komplek housing,komplek housing,Komplek Housing,"Blok Bojong Nangka I, Jl. Ring Rudal Blok Bojong Nangka I No.68, RT.001/RW.007, Jatirahayu, Kec. Pd. Melati, Kota Bks, Jawa Barat 17414","Jl. Ring Rudal Blok Bojong Nangka I No.68, RT.001/RW.007, Jatirahayu, Kec. Pd. Melati, Kota Bks",PAPUA,17414.0,Indonesia,,,,-6.293.724,1.069.165.114,https://maps.google.com/?cid=0x0:0x9c50464976dee674,
komplek housing,komplek housing,Usilimo,"Distrik Wesaput, Kabupaten Jayawijaya, Papua","Kabupaten Jayawijaya, Papua",PAPUA,,Indonesia,,,,-39.275.897,1.388.674.138,https://maps.google.com/?cid=0x0:0xae3020775851e088,
komplek housing,Komplek perumahan,Usilimo,"3VC8+XX7, Usilimo, Distrik Wesaput, Kabupaten Jayawijaya, Papua","Kabupaten Jayawijaya, Papua",PAPUA,,Indonesia,,,,-39.275.897,1.388.674.138,https://maps.google.com/?cid=0x0:0xadafa46c84b35939,
komplek housing,Komplek perumahan,Desa Alona,"3VM6+JQM, Usilimo - Karubaga, Usilimo, Distrik Wesaput, Kabupaten Jayawijaya, Papua","Kabupaten Jayawijaya, Papua",PAPUA,,Indonesia,,,,-39.159.119,1.388.619.355,https://maps.google.com/?cid=0x0:0xfe2c26171da7d2f8,
komplek housing,komplek housing,Papua,,Papua,PAPUA,,Indonesia,,,,-4.269.928,1.380.803.529,https://maps.google.com/?cid=0x0:0xeba94e9c5eefe673,
komplek housing,komplek housing,Papua 99552,"Kabupaten Yalimo, Papua","Kabupaten Yalimo, Papua",PAPUA,,Indonesia,,,,-39.273.287,1.391.625.989,https://maps.google.com/?cid=0x0:0xdaa4656d57150b87,
komplek housing,Komplek perumahan,Pondok Gede Housing II,"Housing II, Jl. Raya Hankam, RT.001/RW.004, Jatirahayu, Pondok Gede, Bekasi, West Java","Kota Bks, Jawa Barat",PAPUA,,Indonesia,,,,-62.876.701,1.069.147.674,https://maps.google.com/?cid=0x0:0x2a52e601c20d18f2,
komplek housing,Komplek perumahan,Perumahan Libersa Mansion,"Q2GQ+GGQ, Jl. Karang Satria, Karangsatria, Kec. Tambun Utara, Kabupaten Bekasi, Jawa Barat 17510","Jl. Karang Satria, Karangsatria, Kec. Tambun Utara, Kabupaten Bekasi",PAPUA,17510.0,Indonesia,,,,-6.223.671,1.070.388.691,https://maps.google.com/?cid=0x0:0xce84f573dce11bc0,
komplek housing,Establishment,Ahzavi Residence Pondok Gede,"PW4J+JHQ, Jl. Celepuk I Ujung, RT.012/RW.014, Jatirahayu, Kec. Pd. Melati, Kota Bks, Jawa Barat 17414","Jl. Celepuk I Ujung, RT.012/RW.014, Jatirahayu, Kec. Pd. Melati, Kota Bks",PAPUA,17414.0,Indonesia,,,,-62.934.194,1.069.314.803,https://maps.google.com/?cid=0x0:0x7b24a580738077da,
komplek housing,Komplek perumahan,Cluster Libersa Premier,"Q286+QM4, Jl. Mekar Sari, RT.001/RW.014, Bekasi Jaya, Kec. Bekasi Tim., Kota Bks, Jawa Barat 17112","Jl. Mekar Sari, RT.001/RW.014, Bekasi Jaya, Kec. Bekasi Tim., Kota Bks",PAPUA,17112.0,Indonesia,,,,-62.331.169,1.070.117.013,https://maps.google.com/?cid=0x0:0x8650a9706a5d9489,
komplek housing,komplek housing,Perumahan,"Perumahan Jl. Alinda II No.9 blok c3, RT.06/RW.027, Kaliabang Tengah, Kec. Bekasi Utara, Kota Bks, Jawa Barat 17125","RT.06/RW.027, Kaliabang Tengah, Kec. Bekasi Utara, Kota Bks",PAPUA,17125.0,Indonesia,,,,-6.196.398,1.070.108.123,https://maps.google.com/?cid=0x0:0x717d52c2e715063b,
komplek housing,komplek housing,Komplek Housing,"Blok Bojong Nangka I, Jl. Ring Rudal Blok Bojong Nangka I No.68, RT.001/RW.007, Jatirahayu, Kec. Pd. Melati, Kota Bks, Jawa Barat 17414","Jl. Ring Rudal Blok Bojong Nangka I No.68, RT.001/RW.007, Jatirahayu, Kec. Pd. Melati, Kota Bks",PAPUA,17414.0,Indonesia,,,,-6.293.724,1.069.165.114,https://maps.google.com/?cid=0x0:0x9c50464976dee674,
komplek housing,komplek housing,Wadangku,"Distrik Wadangku, Kabupaten Jayawijaya, Papua","Kabupaten Jayawijaya, Papua",PAPUA,,Indonesia,,,,-39.275.208,1.389.656.385,https://maps.google.com/?cid=0x0:0xd6e2fbf8c1f798e9,
komplek housing,komplek housing,Distrik Wadangku,"Wadangku, Kabupaten Jayawijaya, Papua","Kabupaten Jayawijaya, Papua",PAPUA,,Indonesia,,,,-39.241.388,1.389.665.477,https://maps.google.com/?cid=0x0:0x6a95e997e1aede3a,
komplek housing,Perhimpunan Pengembang Perumahan,Perum Wahana Pondok Gede,"Jl. Raya Mess Al No.8 Blok B, RT.001/RW.001, Jatiranggon, Kec. Jatisampurna, Kota Bks, Jawa Barat 17423","RT.001/RW.001, Jatiranggon, Kec. Jatisampurna, Kota Bks",PAPUA,17423.0,Indonesia,,,,-6.347.536,106.934.252,https://maps.google.com/?cid=0x0:0xafff3ae03122318b,
komplek housing,,Perum pondok ungu permai,"Perum Jl. Raya Pd. Ungu Permai No.22 blok.p9, Kaliabang Tengah, Kec. Bekasi Utara, Kota Bks, Jawa Barat 17125","Kaliabang Tengah, Kec. Bekasi Utara, Kota Bks",PAPUA,17125.0,Indonesia,,,,-61.758.615,1.070.037.335,https://maps.google.com/?cid=0x0:0x90e5ec2a000e0993,
komplek housing,Komplek perumahan,Kantor Pemasaran Wahana Pondok Ungu,"Jl. Pulo Timaha, Babelan Kota, Kec. Babelan, Kabupaten Bekasi, Jawa Barat 17610","Babelan Kota, Kec. Babelan, Kabupaten Bekasi",PAPUA,17610.0,Indonesia,81285511195.0,,,-61.604.121,1.070.165.734,https://maps.google.com/?cid=0x0:0xa604dbf48251fa41,
komplek housing,Pembangunan Perumahan,Perumahan Pondok Ungu Permai,"Jl. Raya Pd. Ungu Permai Melati 4 No.4 Blok B8, RT.002/RW.008, Kaliabang Tengah, Kec. Bekasi Utara, Kota Bks, Jawa Barat 17125","RT.002/RW.008, Kaliabang Tengah, Kec. Bekasi Utara, Kota Bks",PAPUA,17125.0,Indonesia,,,,-61.764.808,1.070.012.361,https://maps.google.com/?cid=0x0:0x19c96507d85ecc28,
komplek housing,Komplek perumahan,Wahana pondok ungu,"RT10/RW10, Jl. Raya Pd. Ungu Permai No.7a blok AD18, Kaliabang Tengah, Kec. Bekasi Utara, Kota Bks, Jawa Barat 17125","Jl. Raya Pd. Ungu Permai No.7a blok AD18, Kaliabang Tengah, Kec. Bekasi Utara, Kota Bks",PAPUA,17125.0,Indonesia,,,,-618.004,1.070.065.415,https://maps.google.com/?cid=0x0:0xfc234bf1365f34e9,
komplek housing,komplek housing,Distrik Pisugi,"Kabupaten Jayawijaya, Papua","Kabupaten Jayawijaya, Papua",PAPUA,,Indonesia,,,,-40.391.877,1.389.551.439,https://maps.google.com/?cid=0x0:0xe3167ab60a66e191,
komplek housing,Komplek perumahan,Punaima,"XXCC+5W, Aikima, Distrik Pisugi, Kabupaten Jayawijaya, Papua","Kabupaten Jayawijaya, Papua",PAPUA,,Indonesia,,,,-40.296.166,138.972.363,https://maps.google.com/?cid=0x0:0xfee2ccf541df69c6,
komplek housing,Komplek perumahan,Pawuma,"XX9C+4H, Aikima, Distrik Pisugi, Kabupaten Jayawijaya, Papua","Kabupaten Jayawijaya, Papua",PAPUA,,Indonesia,,,,-40.322.289,1.389.714.128,https://maps.google.com/?cid=0x0:0xaf93e6eaf9d8fbef,
komplek housing,komplek housing,Yikwanakpison,"XXH3+M5, Aikima, Distrik Pisugi, Kabupaten Jayawijaya, Papua","Kabupaten Jayawijaya, Papua",PAPUA,,Indonesia,,,,-4.020.797,138.952.893,https://maps.google.com/?cid=0x0:0xe931d65f54d943fd,
komplek housing,komplek housing,Istana,"WXQX+3P, Siepkosi, Distrik Wame, Kabupaten Jayawijaya, Papua","Kabupaten Jayawijaya, Papua",PAPUA,,Indonesia,85219584214.0,,,-40.624.275,1.389.993.696,https://maps.google.com/?cid=0x0:0x3f33df2141f4a9cd,
komplek housing,Komplek perumahan,Saikqapma,"XXF4+WQ, Aikima, Distrik Pisugi, Kabupaten Jayawijaya, Papua","Kabupaten Jayawijaya, Papua",PAPUA,,Indonesia,,,,-4.025.248,1.389.569.278,https://maps.google.com/?cid=0x0:0x4c18a1573ae10fae,
komplek housing,Komplek perumahan,Obyek Wisata Kumugima,"XXCC+R6, Aikima, Distrik Pisugi, Kabupaten Jayawijaya, Papua","Kabupaten Jayawijaya, Papua",PAPUA,,Indonesia,,,,-40.279.885,13.897.053,https://maps.google.com/?cid=0x0:0xb1baa35ced45c5ed,
komplek housing,Komplek perumahan,Husaqal abila,"XXJ6+R8, Mulima, Kec. Kurulu, Kabupaten Jayawijaya, Papua","Kabupaten Jayawijaya, Papua",PAPUA,,Indonesia,,,,-40.178.934,1.389.608.479,https://maps.google.com/?cid=0x0:0x170a0ba63e8ffa1a,
komplek housing,Komplek perumahan,Honabila,"XXM6+7W, Mulima, Kec. Kurulu, Kabupaten Jayawijaya, Papua","Kabupaten Jayawijaya, Papua",PAPUA,,Indonesia,,,,-40.167.637,1.389.622.785,https://maps.google.com/?cid=0x0:0xb2bcba118d71c86f,
komplek housing,Kios,Dulla,"XXQ6+H5, Mulima, Kec. Kurulu, Kabupaten Jayawijaya, Papua","Kabupaten Jayawijaya, Papua",PAPUA,,Indonesia,,,,-40.110.652,138.960.403,https://maps.google.com/?cid=0x0:0xf992619d76b0f5b5,
komplek housing,Komplek perumahan,Nooima,"XXJ8+M5, Mulima, Kec. Kurulu, Kabupaten Jayawijaya, Papua","Kabupaten Jayawijaya, Papua",PAPUA,,Indonesia,,,,-40.183.008,138.965.416,https://maps.google.com/?cid=0x0:0x10a5b20e6aa28738,
komplek housing,Komplek perumahan,Tetoqima,"XXM6+7W, Mulima, Kec. Kurulu, Kabupaten Jayawijaya, Papua","Kabupaten Jayawijaya, Papua",PAPUA,,Indonesia,,,,-40.154.693,1.389.624.753,https://maps.google.com/?cid=0x0:0x28a03d7a2230fca8,
komplek housing,Komplek perumahan,Yakiqima,"XXQ7+2V, Mulima, Kec. Kurulu, Kabupaten Jayawijaya, Papua","Kabupaten Jayawijaya, Papua",PAPUA,,Indonesia,,,,-40.124.448,1.389.646.153,https://maps.google.com/?cid=0x0:0x4016f565f4024db3,
komplek housing,Komplek perumahan,Tumaqonem wemake,"XXM4+23, Mulima, Kec. Kurulu, Kabupaten Jayawijaya, Papua","Kabupaten Jayawijaya, Papua",PAPUA,,Indonesia,,,,-40.174.122,1.389.552.474,https://maps.google.com/?cid=0x0:0xf215ffbb8b9c61bc,
komplek housing,Komplek perumahan,Nisken Home,"WWXR+GQ Sebelah Kanan Lapangan Bola Kaki, Jl. Pikhe, Okoloma, Kec. Kurulu, Kabupaten Jayawijaya, Papua","Kabupaten Jayawijaya, Papua",PAPUA,,Indonesia,,,,-40.510.898,1.389.419.328,https://maps.google.com/?cid=0x0:0x2a286a766f12fb4a,
komplek housing,Pembangunan Perumahan,Pikhe,"WWXR+M92, Jl trans pikhe, nalima, Kec. Kurulu, Kabupaten Jayawijaya, Papua","Kabupaten Jayawijaya, Papua",PAPUA,,Indonesia,,,,-40.508.662,1.389.408.791,https://maps.google.com/?cid=0x0:0x9b8c84f06561ef06,
komplek housing,Komplek perumahan,Humuaqima,"XXV6+MC, Mulima, Kec. Kurulu, Kabupaten Jayawijaya, Papua","Kabupaten Jayawijaya, Papua",PAPUA,,Indonesia,,,,-40.058.437,1.389.610.249,https://maps.google.com/?cid=0x0:0xfd2feb74d8e04016,
komplek housing,Komplek perumahan,Perumahan Pondok Indah Gempol 2,"Jl. Raya Serang - Setu No.KM. 1, Sukadami, Cikarang Sel., Kabupaten Bekasi, Jawa Barat 17530","Sukadami, Cikarang Sel., Kabupaten Bekasi",PAPUA,17530.0,Indonesia,81380047602.0,,,-63.574.422,1.071.014.391,https://maps.google.com/?cid=0x0:0xad67f3a5bc29ac39,
komplek housing,Otoritas Perumahan,"Pondok Hijau Permai, Bekasi Timur","Jl. Pd. Hijau Permai No.19 Blok I 1, RT.003/RW.011, Pengasinan, Kec. Rawalumbu, Kota Bks, Jawa Barat 17115","RT.003/RW.011, Pengasinan, Kec. Rawalumbu, Kota Bks",PAPUA,17115.0,Indonesia,,,,-62.642.114,107.012.676,https://maps.google.com/?cid=0x0:0xdeeb9eb5035a2d13,
komplek housing,komplek housing,Perumahan,"Perumahan Jl. Alinda II No.9 blok c3, RT.06/RW.027, Kaliabang Tengah, Kec. Bekasi Utara, Kota Bks, Jawa Barat 17125","RT.06/RW.027, Kaliabang Tengah, Kec. Bekasi Utara, Kota Bks",PAPUA,17125.0,Indonesia,,,,-6.196.398,1.070.108.123,https://maps.google.com/?cid=0x0:0x717d52c2e715063b,
komplek housing,Pembangunan Perumahan,Perum Gempol 1,"Blk. E6 No.29, Sukadami, Cikarang Sel., Kabupaten Bekasi, Jawa Barat 17530","Sukadami, Cikarang Sel., Kabupaten Bekasi",PAPUA,17530.0,Indonesia,,,,-63.659.859,1.070.990.211,https://maps.google.com/?cid=0x0:0x727e55924cdb1011,
komplek housing,Komplek perumahan,Perumahan Kyra Residence 3 kantor pemasaran,"Jl. Gudang Bin Ali, Bahagia, Kec. Babelan, Kabupaten Bekasi, Jawa Barat 17610","Bahagia, Kec. Babelan, Kabupaten Bekasi",PAPUA,17610.0,Indonesia,82112762916.0,,,-61.945.388,1.070.274.494,https://maps.google.com/?cid=0x0:0x3874af9c9c530e23,
komplek housing,Pembangunan Perumahan,Kampung Yabenda Distrik Koragi,"WQXR+JR9, Ibele, Distrik Bpiri, Kabupaten Jayawijaya, Papua","Kabupaten Jayawijaya, Papua",PAPUA,,Indonesia,,,,-40.509.708,1.387.921.043,https://maps.google.com/?cid=0x0:0xe39a96c6fc7831a3,
komplek housing,Perhimpunan Pengembang Perumahan,Kampung Holaliba,"WQXV+CQ5, Jl, Ibele, Distrik Bpiri, Kabupaten Jayawijaya, Papua 99566","Jl, Ibele, Distrik Bpiri, Kabupaten Jayawijaya",PAPUA,99566.0,Indonesia,,,,-40.514.956,1.387.944.857,https://maps.google.com/?cid=0x0:0xcc838a1924b03b71,
komplek housing,komplek housing,Papua,,Papua,PAPUA,,Indonesia,,,,-4.269.928,1.380.803.529,https://maps.google.com/?cid=0x0:0xeba94e9c5eefe673,
komplek housing,Pembangunan Perumahan,Perumahan Grand FR Residence,"8RGV+CM4, Jl. Poros Koya Koso, Koya Tim.","Kota Jayapura, Papua",PAPUA,,Indonesia,85393509340.0,,,-26.739.931,1.408.442.021,https://maps.google.com/?cid=0x0:0x57be3a5397affc3,
komplek housing,komplek housing,Tanah Kapling,"8RF3+MMV, Jl.Baring-baring, Koya Bar., Kec. Muara Tami, Kota Jayapura, Papua","Kota Jayapura, Papua",PAPUA,,Indonesia,,,,-26.757.561,1.408.041.872,https://maps.google.com/?cid=0x0:0x3868a09c4c5ef0ed,
komplek housing,Komplek perumahan,Pondok Gede Housing II,"Housing II, Jl. Raya Hankam, RT.001/RW.004, Jatirahayu, Pondok Gede, Bekasi, West Java","Kota Bks, Jawa Barat",PAPUA,,Indonesia,,,,-62.876.701,1.069.147.674,https://maps.google.com/?cid=0x0:0x2a52e601c20d18f2,
komplek housing,Establishment,Ahzavi Residence Pondok Gede,"PW4J+JHQ, Jl. Celepuk I Ujung, RT.012/RW.014, Jatirahayu, Kec. Pd. Melati, Kota Bks, Jawa Barat 17414","Jl. Celepuk I Ujung, RT.012/RW.014, Jatirahayu, Kec. Pd. Melati, Kota Bks",PAPUA,17414.0,Indonesia,,,,-62.934.194,1.069.314.803,https://maps.google.com/?cid=0x0:0x7b24a580738077da,
komplek housing,Komplek perumahan,Perumahan Kyra Residence 3 kantor pemasaran,"Jl. Gudang Bin Ali, Bahagia, Kec. Babelan, Kabupaten Bekasi, Jawa Barat 17610","Bahagia, Kec. Babelan, Kabupaten Bekasi",PAPUA,17610.0,Indonesia,82112762916.0,,,-61.945.388,1.070.274.494,https://maps.google.com/?cid=0x0:0x3874af9c9c530e23,
komplek housing,komplek housing,Komplek Housing,"Blok Bojong Nangka I, Jl. Ring Rudal Blok Bojong Nangka I No.68, RT.001/RW.007, Jatirahayu, Kec. Pd. Melati, Kota Bks, Jawa Barat 17414","Jl. Ring Rudal Blok Bojong Nangka I No.68, RT.001/RW.007, Jatirahayu, Kec. Pd. Melati, Kota Bks",PAPUA,17414.0,Indonesia,,,,-6.293.724,1.069.165.114,https://maps.google.com/?cid=0x0:0x9c50464976dee674,
komplek housing,komplek housing,Distrik Tagime,"Kabupaten Tolikara, Papua","Kabupaten Tolikara, Papua",PAPUA,,Indonesia,,,,-33.807.104,1.381.896.152,https://maps.google.com/?cid=0x0:0x23209925defcdd85,
komplek housing,komplek housing,Tagime,"Kabupaten Jayawijaya, Papua","Kabupaten Jayawijaya, Papua",PAPUA,,Indonesia,,,,-38.151.532,1.387.291.822,https://maps.google.com/?cid=0x0:0xdfba9de3bc233fe8,
komplek housing,Pembangunan Perumahan,DHills Residence Pamulang,"Jl. Pandawa Lima Raya, Pd. Benda, Kec. Pamulang, Kota Tangerang Selatan, Banten","Kota Tangerang Selatan, Banten",PAPUA,,Indonesia,81290181766.0,,,-63.559.361,1.067.185.921,https://maps.google.com/?cid=0x0:0xbcbc1394b3802fec,
komplek housing,Pengembang Realestat,CATALIA PRIVATE RESIDENCE 3,"Jl. Baru No.35-41, RT.3/RW.06, Jatimurni, Kec. Pd. Melati, Kota Bks, Jawa Barat 17341","RT.3/RW.06, Jatimurni, Kec. Pd. Melati, Kota Bks",PAPUA,17341.0,Indonesia,85280155595.0,,,-63.307.247,1.069.228.958,https://maps.google.com/?cid=0x0:0xe83868a97c64a80e,
komplek housing,Komplek perumahan,Sunrise River Muktijaya,"H2WP+3JH, Jl. Muktijaya - Cigelam, Muktijaya, Kec. Setu, Kabupaten Bekasi, Jawa Barat 17320","Jl. Muktijaya - Cigelam, Muktijaya, Kec. Setu, Kabupaten Bekasi",PAPUA,17320.0,Indonesia,81381381789.0,,,-64.048.186,1.070.366.116,https://maps.google.com/?cid=0x0:0x4531fe10b04fec4c,
komplek housing,Pembangunan Perumahan,Perumahan Villa Mutiara,"Jl. Mirah Raya Blk. W-AW No.4, Sawah Baru, Kec. Ciputat, Kota Tangerang Selatan, Banten 15413","Sawah Baru, Kec. Ciputat, Kota Tangerang Selatan",PAPUA,15413.0,Indonesia,,,,-62.972.435,1.067.210.888,https://maps.google.com/?cid=0x0:0x9c97803849419901,
komplek housing,Perumahan,Perumahan Cikarang Utama Residence,"cikarang utama residence, Jayasampurna, Kec. Serang Baru, Kabupaten Bekasi, Jawa Barat 17330","Jayasampurna, Kec. Serang Baru, Kabupaten Bekasi",PAPUA,17330.0,Indonesia,,,,-63.769.939,1.070.863.038,https://maps.google.com/?cid=0x0:0xfca033f80de7c8af,
komplek housing,Perumahan,Perumahan Vinewood babelan,"Jl. Raya Ps. Babelan, Kedung Pengawas, Kec. Babelan, Kabupaten Bekasi, Jawa Barat 17610","Kedung Pengawas, Kec. Babelan, Kabupaten Bekasi",PAPUA,17610.0,Indonesia,,,,-61.362.332,1.070.532.841,https://maps.google.com/?cid=0x0:0xcf53c23932af693d,
komplek housing,Rumah Kaca,Kavling Babelan City Regency (BCR),"Kedung Pengawas, Kec. Babelan, Kabupaten Bekasi, Jawa Barat 17610","Kec. Babelan, Kabupaten Bekasi",PAPUA,17610.0,Indonesia,,,,-61.366.673,1.070.494.889,https://maps.google.com/?cid=0x0:0xb67bb7b09cd6e63f,
komplek housing,Perumahan,Bamboo Prime Residence,"Bambu Apus, Kec. Pamulang, Kota Tangerang Selatan, Banten 15415","Kec. Pamulang, Kota Tangerang Selatan",PAPUA,15415.0,Indonesia,81319620006.0,,,-63.303.692,1.067.249.788,https://maps.google.com/?cid=0x0:0xfa37e412cf1ab783,
komplek housing,Pembangunan Perumahan,Perumahan Sahara Indah Permai2,"Perumahan Sahara indah permai blok c7no18, Satriajaya, Kec. Tambun Utara, Kabupaten Bekasi, Jawa Barat 17510","Satriajaya, Kec. Tambun Utara, Kabupaten Bekasi",PAPUA,17510.0,Indonesia,218852282.0,,,-62.130.867,1.070.502.971,https://maps.google.com/?cid=0x0:0x2459d3954c2bd57f,
komplek housing,Komplek perumahan,Perumahan Sapta Villa,"Jl. Sirojul Munir, Pakansari, Kec. Cibinong, Kabupaten Bogor, Jawa Barat 16915","Pakansari, Kec. Cibinong, Kabupaten Bogor",PAPUA,16915.0,Indonesia,81270090101.0,,,-64.965.869,1.068.221.036,https://maps.google.com/?cid=0x0:0xba4d343ee861af86,
komplek housing,komplek housing,Distrik Tagime,"Kabupaten Tolikara, Papua","Kabupaten Tolikara, Papua",PAPUA,,Indonesia,,,,-33.807.104,1.381.896.152,https://maps.google.com/?cid=0x0:0x23209925defcdd85,
komplek housing,komplek housing,Papua 99561,"Kabupaten Mamberamo Tengah, Papua","Kabupaten Mamberamo Tengah, Papua",PAPUA,,Indonesia,,,,-35.154.377,1.391.221.414,https://maps.google.com/?cid=0x0:0x6daa3ce0e2559bf1,
komplek housing,Pembangunan Perumahan,DHills Residence Pamulang,"Jl. Pandawa Lima Raya, Pd. Benda, Kec. Pamulang, Kota Tangerang Selatan, Banten","Kota Tangerang Selatan, Banten",PAPUA,,Indonesia,81290181766.0,,,-63.559.361,1.067.185.921,https://maps.google.com/?cid=0x0:0xbcbc1394b3802fec,
komplek housing,Komplek perumahan,Jagakarsa Signature,"No.38JagakarsaKec, Jl. Raya Jagakarsa No.38, Jagakarsa, Kec. Jagakarsa, Kota Jakarta Selatan, Daerah Khusus Ibukota Jakarta 12620","Jl. Raya Jagakarsa No.38, Jagakarsa, Kec. Jagakarsa, Kota Jakarta Selatan",PAPUA,12620.0,Indonesia,81288850038.0,,,-63.272.381,1.068.143.868,https://maps.google.com/?cid=0x0:0x4215443281912720,
komplek housing,Rumah Kaca,Kavling Babelan City Regency (BCR),"Kedung Pengawas, Kec. Babelan, Kabupaten Bekasi, Jawa Barat 17610","Kec. Babelan, Kabupaten Bekasi",PAPUA,17610.0,Indonesia,,,,-61.366.673,1.070.494.889,https://maps.google.com/?cid=0x0:0xb67bb7b09cd6e63f,
komplek housing,Perumahan,Perumahan Cikarang Utama Residence,"cikarang utama residence, Jayasampurna, Kec. Serang Baru, Kabupaten Bekasi, Jawa Barat 17330","Jayasampurna, Kec. Serang Baru, Kabupaten Bekasi",PAPUA,17330.0,Indonesia,,,,-63.769.939,1.070.863.038,https://maps.google.com/?cid=0x0:0xfca033f80de7c8af,
komplek housing,Pembangunan Perumahan,Perumahan Wahana Srimukti,"Srimukti, Kec. Tambun Utara, Kabupaten Bekasi, Jawa Barat 17510","Kec. Tambun Utara, Kabupaten Bekasi",PAPUA,17510.0,Indonesia,89655979719.0,,,-61.643.577,1.070.601.001,https://maps.google.com/?cid=0x0:0x52b4bad9cf43dc4d,
komplek housing,Pengembang Realestat,CATALIA PRIVATE RESIDENCE 3,"Jl. Baru No.35-41, RT.3/RW.06, Jatimurni, Kec. Pd. Melati, Kota Bks, Jawa Barat 17341","RT.3/RW.06, Jatimurni, Kec. Pd. Melati, Kota Bks",PAPUA,17341.0,Indonesia,85280155595.0,,,-63.307.247,1.069.228.958,https://maps.google.com/?cid=0x0:0xe83868a97c64a80e,
komplek housing,Komplek perumahan,Sunrise River Muktijaya,"H2WP+3JH, Jl. Muktijaya - Cigelam, Muktijaya, Kec. Setu, Kabupaten Bekasi, Jawa Barat 17320","Jl. Muktijaya - Cigelam, Muktijaya, Kec. Setu, Kabupaten Bekasi",PAPUA,17320.0,Indonesia,81381381789.0,,,-64.048.186,1.070.366.116,https://maps.google.com/?cid=0x0:0x4531fe10b04fec4c,
komplek housing,Perumahan,Perumahan Vinewood babelan,"Jl. Raya Ps. Babelan, Kedung Pengawas, Kec. Babelan, Kabupaten Bekasi, Jawa Barat 17610","Kedung Pengawas, Kec. Babelan, Kabupaten Bekasi",PAPUA,17610.0,Indonesia,,,,-61.362.332,1.070.532.841,https://maps.google.com/?cid=0x0:0xcf53c23932af693d,
komplek housing,Pembangunan Perumahan,Cluster Granada Rajeg City,"VGVM+75G, Rajeg Mulya, Kec. Rajeg, Kabupaten Tangerang, Banten 15540","Rajeg Mulya, Kec. Rajeg, Kabupaten Tangerang",PAPUA,15540.0,Indonesia,2155780069.0,,,-61.068.165,1.065.329.396,https://maps.google.com/?cid=0x0:0x7db83b6a611947bc,
komplek housing,Komplek perumahan,Taman Asri Regency,"Jl. Raya Srimahi Bekasi, Srimahi, Kec. Tambun Utara, Kabupaten Bekasi, Jawa Barat 17510","Srimahi, Kec. Tambun Utara, Kabupaten Bekasi",PAPUA,17510.0,Indonesia,,,,-61.717.323,1.070.862.095,https://maps.google.com/?cid=0x0:0x3a91ef3fbb8ed67c,
komplek housing,Pembangunan Perumahan,Perumahan Villa Mutiara,"Jl. Mirah Raya Blk. W-AW No.4, Sawah Baru, Kec. Ciputat, Kota Tangerang Selatan, Banten 15413","Sawah Baru, Kec. Ciputat, Kota Tangerang Selatan",PAPUA,15413.0,Indonesia,,,,-62.972.435,1.067.210.888,https://maps.google.com/?cid=0x0:0x9c97803849419901,
komplek housing,Komplek perumahan,Perumahan Sapta Villa,"Jl. Sirojul Munir, Pakansari, Kec. Cibinong, Kabupaten Bogor, Jawa Barat 16915","Pakansari, Kec. Cibinong, Kabupaten Bogor",PAPUA,16915.0,Indonesia,81270090101.0,,,-64.965.869,1.068.221.036,https://maps.google.com/?cid=0x0:0xba4d343ee861af86,
komplek housing,Perumahan,Perumahan Pesona Kahuripan 2,"Klapanunggal, Kec. Klapanunggal, Kabupaten Bogor, Jawa Barat 16710","Kec. Klapanunggal, Kabupaten Bogor",PAPUA,16710.0,Indonesia,82310001213.0,,,-64.592.284,1.069.659.879,https://maps.google.com/?cid=0x0:0x6c4acf464ef09611,
komplek housing,Komplek perumahan,"Perum Tera Damai,","Cluster Curtina TC, Jl. Perumahan Tera Damai No.07.01, Sriamur, Kec. Tambun Utara, Kabupaten Bekasi, Jawa Barat 17510","Jl. Perumahan Tera Damai No.07.01, Sriamur, Kec. Tambun Utara, Kabupaten Bekasi",PAPUA,17510.0,Indonesia,,,,-61.730.353,1.070.545.645,https://maps.google.com/?cid=0x0:0x91630c8e26227c0b,
komplek housing,Komplek perumahan,Bumi Bantar Panjang,"Bantar Panjang, Kec. Tigaraksa, Kabupaten Tangerang, Banten 15720","Kec. Tigaraksa, Kabupaten Tangerang",PAPUA,15720.0,Indonesia,81389938480.0,,,-63.063.107,1.064.595.235,https://maps.google.com/?cid=0x0:0x63920f40858552a8,
komplek housing,Komplek perumahan,Kamaya Village,"Perumahan Sepatan Residen, Jl. Raya Pakuhaji Kav. Commersial 1, RT.005/RW.007, Kayu Agung, Kec. Sepatan, Kabupaten Tangerang, Banten 15570","Jl. Raya Pakuhaji Kav. Commersial 1, RT.005/RW.007, Kayu Agung, Kec. Sepatan, Kabupaten Tangerang",PAPUA,15570.0,Indonesia,81329291913.0,,,-60.886.128,1.065.855.105,https://maps.google.com/?cid=0x0:0xc00bae07bbee78c6,
komplek housing,Perumahan,Bamboo Prime Residence,"Bambu Apus, Kec. Pamulang, Kota Tangerang Selatan, Banten 15415","Kec. Pamulang, Kota Tangerang Selatan",PAPUA,15415.0,Indonesia,81319620006.0,,,-63.303.692,1.067.249.788,https://maps.google.com/?cid=0x0:0xfa37e412cf1ab783,
komplek housing,komplek housing,Komplek Housing,"Blok Bojong Nangka I, Jl. Ring Rudal Blok Bojong Nangka I No.68, RT.001/RW.007, Jatirahayu, Kec. Pd. Melati, Kota Bks, Jawa Barat 17414","Jl. Ring Rudal Blok Bojong Nangka I No.68, RT.001/RW.007, Jatirahayu, Kec. Pd. Melati, Kota Bks",PAPUA,17414.0,Indonesia,,,,-6.293.724,1.069.165.114,https://maps.google.com/?cid=0x0:0x9c50464976dee674,
komplek housing,komplek housing,Distrik Molagalome,"Tanah Merah, Kabupaten Jayawijaya, Papua","Kabupaten Jayawijaya, Papua",PAPUA,,Indonesia,,,,-38.400.647,1.386.960.242,https://maps.google.com/?cid=0x0:0x9a922f42526224d0,
komplek housing,komplek housing,Papua 99557,"Kabupaten Mamberamo Tengah, Papua","Kabupaten Mamberamo Tengah, Papua",PAPUA,,Indonesia,,,,-37.408.827,1.389.404.364,https://maps.google.com/?cid=0x0:0xb128d87fca34f08d,
komplek housing,Komplek perumahan,Desa kalarin,"5WPJ+VF, Wirima, Kec. Ilugwa, Kabupaten Mamberamo Tengah, Papua","Kabupaten Mamberamo Tengah, Papua",PAPUA,,Indonesia,,,,-38.128.162,1.389.312.457,https://maps.google.com/?cid=0x0:0x6ca3af6521ff96ea,
komplek housing,Pembangunan Perumahan,Arimagame,"5MXM+36, Injuta, Tagineri, Kabupaten Jayawijaya, Papua","Kabupaten Jayawijaya, Papua",PAPUA,,Indonesia,,,,-38.023.476,1.386.831.159,https://maps.google.com/?cid=0x0:0x568c140bf14e2d24,
komplek housing,Komplek perumahan,Kampung Liluikma,"65CQ+HQ, Dombomi, Kec. Abenaho, Kabupaten Yalimo, Papua","Kabupaten Yalimo, Papua",PAPUA,,Indonesia,,,,-37.785.625,1.391.894.375,https://maps.google.com/?cid=0x0:0x5809a90eb37c618,
komplek housing,Perhimpunan Pengembang Perumahan,Abenahi,"5356+3J6, Abenaho, Kec. Abenaho, Kabupaten Yalimo, Papua","Kabupaten Yalimo, Papua",PAPUA,,Indonesia,,,,-3.842.344,1.390.615.086,https://maps.google.com/?cid=0x0:0x71aabccd42752b3a,
komplek housing,Komplek perumahan,Mas weedt,"66C2+3V, Dombomi, Kec. Abenaho, Kabupaten Yalimo, Papua","Kabupaten Yalimo, Papua",PAPUA,,Indonesia,,,,-377.979,139.202.131,https://maps.google.com/?cid=0x0:0x9c160546112a2890,
komplek housing,Komplek perumahan,Kampung Kalarin,"5WH8+53Q, Kalarin, Kec. Ilugwa, Kabupaten Mamberamo Tengah, Papua","Kabupaten Mamberamo Tengah, Papua",PAPUA,,Indonesia,,,,-38.220.372,1.389.152.456,https://maps.google.com/?cid=0x0:0xaf45763755807a60,
komplek housing,Pembangunan Perumahan,KAMPUNG KUMBU,"8P7M+JM8, Kumbu, Distrik Kelila, Kabupaten Mamberamo Tengah, Papua","Kabupaten Mamberamo Tengah, Papua",PAPUA,,Indonesia,,,,-36.859.516,1.387.342.049,https://maps.google.com/?cid=0x0:0xb2ae383598a58a9e,
komplek housing,Komplek perumahan,"Wageo, Kediaman Ita Pagawak","83F2+CHV, Kobakma, Distrik Kobagma, Kabupaten Mamberamo Tengah, Papua","Kabupaten Mamberamo Tengah, Papua",PAPUA,,Indonesia,,,,-36.763.761,1.390.514.094,https://maps.google.com/?cid=0x0:0x235abcdb58b8ea3a,
komplek housing,Komplek perumahan,Kabupaten Mamberamo Tengah,"83J7+3FF, Kobakma, Distrik Kobagma, Kabupaten Mamberamo Tengah, Papua","Kabupaten Mamberamo Tengah, Papua",PAPUA,,Indonesia,,,,-36.698.129,1.390.636.745,https://maps.google.com/?cid=0x0:0x192310995ab682ef,
komplek housing,Komplek perumahan,Dusun Wiknggop,"3QR9+4X7, Piramid, Distrik Piramid, Kabupaten Jayawijaya, Papua","Kabupaten Jayawijaya, Papua",PAPUA,,Indonesia,,,,-39.097.142,138.769.937,https://maps.google.com/?cid=0x0:0xf95b4e98fb24d8fd,
komplek housing,Komplek perumahan,Perumahan Eselon 3A,"83M8+356, Kobakma, Distrik Kobagma, Kabupaten Mamberamo Tengah, Papua 99553","Kobakma, Distrik Kobagma, Kabupaten Mamberamo Tengah",PAPUA,99553.0,Indonesia,,,,-36.673.282,1.390.653.753,https://maps.google.com/?cid=0x0:0x3c450aca74ae7953,
komplek housing,Komplek perumahan,Kampung wollo,"5V38+V8J, Pirambot, Wollo, Kabupaten Jayawijaya, Papua","Kabupaten Jayawijaya, Papua",PAPUA,,Indonesia,,,,-38.452.753,138.865.767,https://maps.google.com/?cid=0x0:0x7d3cb826b534c5dd,
komplek housing,Komplek perumahan,Dusun Kulonggu,"4PFX+2Q, Algonik, Distrik Piramid, Kabupaten Jayawijaya, Papua","Kabupaten Jayawijaya, Papua",PAPUA,,Indonesia,,,,-38.774.411,1.387.495.133,https://maps.google.com/?cid=0x0:0x422831d97217f5ce,
komplek housing,Komplek perumahan,Kelapa 1 Kobakma Mamteng,"83J7+3FF, Kobakma, Distrik Kobagma, Kabupaten Mamberamo Tengah, Papua","Kabupaten Mamberamo Tengah, Papua",PAPUA,,Indonesia,,,,-36.698.129,1.390.636.745,https://maps.google.com/?cid=0x0:0x768fa24986aaf113,
komplek housing,komplek housing,Paremal Boys {PRM},"8M98+4WJ, Bokondini, Kec. Bokondini, Kabupaten Tolikara, Papua 99556","Bokondini, Kec. Bokondini, Kabupaten Tolikara",PAPUA,99556.0,Indonesia,81221416127.0,,,-36.832.944,1.386.664.513,https://maps.google.com/?cid=0x0:0x6f72c9da0d8b50a4,
komplek housing,Komplek perumahan,Dusun Luime,"3QW7+24X, Piramid, Distrik Piramid, Kabupaten Jayawijaya, Papua","Kabupaten Jayawijaya, Papua",PAPUA,,Indonesia,,,,-39.051.924,1.387.622.756,https://maps.google.com/?cid=0x0:0x600f54c31434878f,
komplek housing,Komplek perumahan,Dusun Anggurok Kunik,"3QJ6+HG, Piramid, Distrik Piramid, Kabupaten Jayawijaya, Papua","Kabupaten Jayawijaya, Papua",PAPUA,,Indonesia,,,,-39.186.037,1.387.613.023,https://maps.google.com/?cid=0x0:0x8fcf259711b0c0f3,
komplek housing,Komplek perumahan,kobakma Mamberamo Tengah,"8338+QX, Baliblabuk, Distrik Kobagma, Kabupaten Mamberamo Tengah, Papua","Kabupaten Mamberamo Tengah, Papua",PAPUA,,Indonesia,,,,-36.664.653,1.391.209.906,https://maps.google.com/?cid=0x0:0x3b03bc5d999c17ef,
komplek housing,Komplek perumahan,Dusun Kambolok,"3QC2+9VR, Wame, Asologaima, Kabupaten Jayawijaya, Papua 99555","Wame, Asologaima, Kabupaten Jayawijaya",PAPUA,99555.0,Indonesia,,,,-39.294.565,1.387.513.721,https://maps.google.com/?cid=0x0:0xcc6d31dd35cce21f,
komplek housing,komplek housing,Tagineri,"Kabupaten Jayawijaya, Papua","Kabupaten Jayawijaya, Papua",PAPUA,,Indonesia,,,,-42.950.352,1.386.990.679,https://maps.google.com/?cid=0x0:0x860d6c88b04a67da,
komplek housing,Komplek perumahan,Kompleks Perumahan Jatibening Satu,"Jl. Bougenville I No.16, RT.007/RW.016, Jaka Mulya, Kec. Bekasi Sel., Kota Bks, Jawa Barat 17146","RT.007/RW.016, Jaka Mulya, Kec. Bekasi Sel., Kota Bks",PAPUA,17146.0,Indonesia,,,,-62.691.273,1.069.582.064,https://maps.google.com/?cid=0x0:0xb4420064e5c00f5c,
komplek housing,Komplek perumahan,Jagakarsa Signature,"No.38JagakarsaKec, Jl. Raya Jagakarsa No.38, Jagakarsa, Kec. Jagakarsa, Kota Jakarta Selatan, Daerah Khusus Ibukota Jakarta 12620","Jl. Raya Jagakarsa No.38, Jagakarsa, Kec. Jagakarsa, Kota Jakarta Selatan",PAPUA,12620.0,Indonesia,81288850038.0,,,-63.272.381,1.068.143.868,https://maps.google.com/?cid=0x0:0x4215443281912720,
komplek housing,Pembangunan Perumahan,Perumahan Villa Mutiara,"Jl. Mirah Raya Blk. W-AW No.4, Sawah Baru, Kec. Ciputat, Kota Tangerang Selatan, Banten 15413","Sawah Baru, Kec. Ciputat, Kota Tangerang Selatan",PAPUA,15413.0,Indonesia,,,,-62.972.435,1.067.210.888,https://maps.google.com/?cid=0x0:0x9c97803849419901,
komplek housing,Komplek perumahan,Perumahan Sapta Villa,"Jl. Sirojul Munir, Pakansari, Kec. Cibinong, Kabupaten Bogor, Jawa Barat 16915","Pakansari, Kec. Cibinong, Kabupaten Bogor",PAPUA,16915.0,Indonesia,81270090101.0,,,-64.965.869,1.068.221.036,https://maps.google.com/?cid=0x0:0xba4d343ee861af86,
komplek housing,Kompleks Apartemen,VANYA PARK - BSD CITY,"Pagedangan, Kec. Pagedangan, Kabupaten Tangerang, Banten","Kabupaten Tangerang, Banten",PAPUA,,Indonesia,,,,-62.959.012,1.066.213.069,https://maps.google.com/?cid=0x0:0xd8364cc8104a684f,
komplek housing,Kantor Perusahaan,Golden Park 2 Serpong,"Jl. Lkr. Selatan, Suradita, Kec. Cisauk, Kabupaten Tangerang, Banten 15343","Suradita, Kec. Cisauk, Kabupaten Tangerang",PAPUA,15343.0,Indonesia,2129179988.0,,,-63.453.494,1.066.463.551,https://maps.google.com/?cid=0x0:0x2109a626c165b7e5,
komplek housing,komplek housing,Papua 99561,"Kabupaten Mamberamo Tengah, Papua","Kabupaten Mamberamo Tengah, Papua",PAPUA,,Indonesia,,,,-35.154.377,1.391.221.414,https://maps.google.com/?cid=0x0:0x6daa3ce0e2559bf1,
komplek housing,komplek housing,Tagineri,"Kabupaten Jayawijaya, Papua","Kabupaten Jayawijaya, Papua",PAPUA,,Indonesia,,,,-42.950.352,1.386.990.679,https://maps.google.com/?cid=0x0:0x860d6c88b04a67da,
komplek housing,komplek housing,Distrik Silo Karno Doga,"Kabupaten Jayawijaya, Papua","Kabupaten Jayawijaya, Papua",PAPUA,,Indonesia,,,,-41.217.304,1.389.130.201,https://maps.google.com/?cid=0x0:0x841d4a6c46aa2d69,
komplek housing,Pembangunan Perumahan,Welco,"VW64+CJX, Walesi, Distrik Silo Karno Doga, Kabupaten Jayawijaya, Papua 99511","Walesi, Distrik Silo Karno Doga, Kabupaten Jayawijaya",PAPUA,99511.0,Indonesia,,,,-41.388.754,1.389.065.982,https://maps.google.com/?cid=0x0:0xebbca37477ea1f3f,
komplek housing,Komplek perumahan,DSG,"VWWG+7R, Hurekama, Distrik Wamena, Kabupaten Jayawijaya, Papua","Kabupaten Jayawijaya, Papua",PAPUA,,Indonesia,82113574052.0,,,-4.104.343,138.927.108,https://maps.google.com/?cid=0x0:0x2ee62cc3d45bccc7,
komplek housing,Komplek perumahan,Base PGS Saja,"WW85+F4W, Gunung Susu, Distrik Wamena, Kabupaten Jayawijaya, Papua 99511","Gunung Susu, Distrik Wamena, Kabupaten Jayawijaya",PAPUA,99511.0,Indonesia,,,,-4.083.774,1.389.078.426,https://maps.google.com/?cid=0x0:0x3826514409c402b2,
komplek housing,komplek housing,UGD Gangk,"WWGM+P7, Hetuma, Distrik Bugi, Kabupaten Jayawijaya, Papua","Kabupaten Jayawijaya, Papua",PAPUA,,Indonesia,,,,-4.073.876,138.933.481,https://maps.google.com/?cid=0x0:0x2967006de3a9d297,
komplek housing,Perhimpunan Pengembang Perumahan,Pak Kalolik pu rumah,"VVW6+CCX, Wililimo, Kec. Hubikosi, Kabupaten Jayawijaya, Papua 99511","Wililimo, Kec. Hubikosi, Kabupaten Jayawijaya",PAPUA,99511.0,Indonesia,,,,-41.038.901,1.388.610.962,https://maps.google.com/?cid=0x0:0x793fd06e97ef067f,
komplek housing,Sekolah,Lorong Argentina Komplex YPK,"WW2Q+WJF, Hurekama, Distrik Wamena, Kabupaten Jayawijaya, Papua 99511","Hurekama, Distrik Wamena, Kabupaten Jayawijaya",PAPUA,99511.0,Indonesia,,,,-4.097.691,1.389.390.426,https://maps.google.com/?cid=0x0:0x705b385db2ab4c96,
komplek housing,Komplek perumahan,Rumah kos Olala,"WWGM+9VM, Hubikiak, Distrik Bugi, Kabupaten Jayawijaya, Papua","Kabupaten Jayawijaya, Papua",PAPUA,,Indonesia,,,,-40.740.325,1.389.346.622,https://maps.google.com/?cid=0x0:0x51597b228242bc1b,
komplek housing,Komplek perumahan,House of NPagawak,"VXV2+W6Q, Ketimavit, Distrik Wamena, Kabupaten Jayawijaya, Papua 99511","Ketimavit, Distrik Wamena, Kabupaten Jayawijaya",PAPUA,99511.0,Indonesia,,,,-41.042.177,1.389.501.639,https://maps.google.com/?cid=0x0:0xcd339cd025afd796,
komplek housing,Komplek perumahan,kompleks perumahan dinas ketahanan pangan wamena,"WWCQ+59H, Hetuma, Distrik Wamena, Kabupaten Jayawijaya, Papua 99511","Hetuma, Distrik Wamena, Kabupaten Jayawijaya",PAPUA,99511.0,Indonesia,,,,-40.795.628,1.389.384.933,https://maps.google.com/?cid=0x0:0xe069f89a0f5bf80e,
komplek housing,Komplek perumahan,Kompleks orang kogoya,"VWWG+V9J, Hurekama, Distrik Wamena, Kabupaten Jayawijaya, Papua 99511","Hurekama, Distrik Wamena, Kabupaten Jayawijaya",PAPUA,99511.0,Indonesia,,,,-41.027.917,1.389.258.923,https://maps.google.com/?cid=0x0:0x9b5647bcf245b28b,
komplek housing,Pembangunan Perumahan,Komp Gatason (GTS),"VXX2+F4X, Wamena Kota, Distrik Wamena, Kabupaten Jayawijaya, Papua 99511","Wamena Kota, Distrik Wamena, Kabupaten Jayawijaya",PAPUA,99511.0,Indonesia,,,,-41.012.606,1.389.503.663,https://maps.google.com/?cid=0x0:0x7fbb74d4522d4001,
komplek housing,Komplek perumahan,Usilimo,"3VC8+XX7, Usilimo, Distrik Wesaput, Kabupaten Jayawijaya, Papua","Kabupaten Jayawijaya, Papua",PAPUA,,Indonesia,,,,-39.275.897,1.388.674.138,https://maps.google.com/?cid=0x0:0xadafa46c84b35939,
komplek housing,Komplek perumahan,Manda,"WWGP+F2P, Manda, Distrik Bugi, Kabupaten Jayawijaya, Papua","Kabupaten Jayawijaya, Papua",PAPUA,,Indonesia,,,,-40.737.862,1.389.350.934,https://maps.google.com/?cid=0x0:0x7c3a4c1783678d75,
komplek housing,Komplek perumahan,Kompleks Waklam,"WX34+G3J, Wesaput, Distrik Wamena, Kabupaten Jayawijaya, Papua 99511","Wesaput, Distrik Wamena, Kabupaten Jayawijaya",PAPUA,99511.0,Indonesia,,,,-40.961.734,1.389.551.255,https://maps.google.com/?cid=0x0:0x3469525f37f6f2c2,
komplek housing,Perumahan rakyat,Robin's Home,"WW3J+6X2, Jl. Sosial, Honelama, Distrik Wamena, Kabupaten Jayawijaya, Papua 99511","Jl. Sosial, Honelama, Distrik Wamena, Kabupaten Jayawijaya",PAPUA,99511.0,Indonesia,,,,-40.969.937,1.389.324.027,https://maps.google.com/?cid=0x0:0xdf4033333498a1a2,
komplek housing,Komplek perumahan,Kibaima,"2WQM+268, Waga - Waga, Kec. Kurulu, Kabupaten Jayawijaya, Papua 99554","Waga - Waga, Kec. Kurulu, Kabupaten Jayawijaya",PAPUA,99554.0,Indonesia,,,,-39.624.511,1.389.330.927,https://maps.google.com/?cid=0x0:0x98cf6ce0f2034c56,
komplek housing,Komplek perumahan,Rumah Saya,"WWFH+XVM, Honelama, Distrik Wamena, Kabupaten Jayawijaya, Papua 99511","Honelama, Distrik Wamena, Kabupaten Jayawijaya",PAPUA,99511.0,Indonesia,,,,-40.751.968,1.389.298.201,https://maps.google.com/?cid=0x0:0xdf1a693160a8f504,
komplek housing,Komplek perumahan,King Dolinggu,"VWJ8+585, Hurekama, Distrik Wamena, Kabupaten Jayawijaya, Papua","Kabupaten Jayawijaya, Papua",PAPUA,,Indonesia,,,,-41.196.066,1.389.158.592,https://maps.google.com/?cid=0x0:0x697f89d7db92da02,
komplek housing,Komplek perumahan,Hulekama Komplek wanimbo,"VWVG+4P3, Jl. Irian, kimbim, Distrik Piramid, Kabupaten Jayawijaya, Papua 99511","Jl. Irian, kimbim, Distrik Piramid, Kabupaten Jayawijaya",PAPUA,99511.0,Indonesia,,,,-41.072.407,1.389.267.912,https://maps.google.com/?cid=0x0:0x72d19304e048cff8,
komplek housing,Komplek perumahan,Kampung wollo,"5V38+V8J, Pirambot, Wollo, Kabupaten Jayawijaya, Papua","Kabupaten Jayawijaya, Papua",PAPUA,,Indonesia,,,,-38.452.753,138.865.767,https://maps.google.com/?cid=0x0:0x7d3cb826b534c5dd,
komplek housing,Komplek perumahan,Wosialah Kampung,"3VJV+5CG, Wosiala, Kec. Kurulu, Kabupaten Jayawijaya, Papua 99554","Wosiala, Kec. Kurulu, Kabupaten Jayawijaya",PAPUA,99554.0,Indonesia,,,,-39.195.734,138.893.566,https://maps.google.com/?cid=0x0:0xf4a5886aa8407c57,
komplek housing,komplek housing,Papua 99554,Papua,Papua,PAPUA,,Indonesia,,,,-39.129.826,1.389.202.828,https://maps.google.com/?cid=0x0:0x93f0af6c35286075,
komplek housing,komplek housing,Piramid,"Asologaima, Kabupaten Jayawijaya, Papua","Kabupaten Jayawijaya, Papua",PAPUA,,Indonesia,,,,-39.076.495,1.387.643.362,https://maps.google.com/?cid=0x0:0x57ba0bf54cd1f43a,
komplek housing,komplek housing,Distrik Piramid,"Kabupaten Jayawijaya, Papua","Kabupaten Jayawijaya, Papua",PAPUA,,Indonesia,,,,-41.036.554,1.389.482.374,https://maps.google.com/?cid=0x0:0xef83063cf61cf624,
komplek housing,komplek housing,Perumahan,"Perumahan Jl. Alinda II No.9 blok c3, RT.06/RW.027, Kaliabang Tengah, Kec. Bekasi Utara, Kota Bks, Jawa Barat 17125","RT.06/RW.027, Kaliabang Tengah, Kec. Bekasi Utara, Kota Bks",PAPUA,17125.0,Indonesia,,,,-6.196.398,1.070.108.123,https://maps.google.com/?cid=0x0:0x717d52c2e715063b,
komplek housing,Agen Properti,ZARA RESIDENCE 2,"J3V3+JWF, Cibening, Kec. Setu, Kabupaten Bekasi, Jawa Barat 17320","Cibening, Kec. Setu, Kabupaten Bekasi",PAPUA,17320.0,Indonesia,2129608332.0,,,-63.555.552,1.070.551.536,https://maps.google.com/?cid=0x0:0xe4a9dde58e7b0e04,
komplek housing,Perumahan,Rumah Minimalis,"Rumah Minimalis River View Jln.asuhada Rt.003/002, RT.003/RW.002, Jatisari, Kec. Jatiasih, Kota Bks, Jawa Barat 17426","RT.003/RW.002, Jatisari, Kec. Jatiasih, Kota Bks",PAPUA,17426.0,Indonesia,81212019170.0,,,-63.302.533,1.069.613.201,https://maps.google.com/?cid=0x0:0x9e738bdbdbc9da24,
komplek housing,Kantor Perusahaan,Grand Sukamulya Cisauk,"Jalan kampung Leuwiranji, Sukamulya, Kec. Rumpin, Kabupaten Bogor, Jawa Barat 16350","Sukamulya, Kec. Rumpin, Kabupaten Bogor",PAPUA,16350.0,Indonesia,85780881004.0,,,-63.721.068,1.066.459.588,https://maps.google.com/?cid=0x0:0x13e210069e886101,
komplek housing,Perumahan,Grand Viona Kuripan (GVK),"PERUMAHAN GRAND VIONA, Kuripan, Kec. Ciseeng, Kabupaten Bogor, Jawa Barat 16120","Kuripan, Kec. Ciseeng, Kabupaten Bogor",PAPUA,16120.0,Indonesia,,,,-64.262.313,1.066.567.514,https://maps.google.com/?cid=0x0:0xed7e731fc4a452ec,
komplek housing,Kompleks Kondominium,Puri Nilam Kencana,"Puri Nilam Kencana Gg. Buntu Blok AU, No. 6, Jatirahayu, Kec. Pd. Melati, Kota Bks, Jawa Barat 17413","No. 6, Jatirahayu, Kec. Pd. Melati, Kota Bks",PAPUA,17413.0,Indonesia,88212554680.0,,,-62.903.689,1.069.226.453,https://maps.google.com/?cid=0x0:0xcb28b86c64260d16,
komplek housing,Komplek perumahan,Bhumi Swargaloka,"Jl. Khairul Bariyyah No.126, RT.001/RW.004, Cimuning, Kec. Mustika Jaya, Kota Bks, Jawa Barat 17155","RT.001/RW.004, Cimuning, Kec. Mustika Jaya, Kota Bks",PAPUA,17155.0,Indonesia,8128758803.0,,,-6.318.737,1.070.331.649,https://maps.google.com/?cid=0x0:0x97d8e4586cea9e3d,
komplek housing,komplek housing,Komplek Housing,"Blok Bojong Nangka I, Jl. Ring Rudal Blok Bojong Nangka I No.68, RT.001/RW.007, Jatirahayu, Kec. Pd. Melati, Kota Bks, Jawa Barat 17414","Jl. Ring Rudal Blok Bojong Nangka I No.68, RT.001/RW.007, Jatirahayu, Kec. Pd. Melati, Kota Bks",PAPUA,17414.0,Indonesia,,,,-6.293.724,1.069.165.114,https://maps.google.com/?cid=0x0:0x9c50464976dee674,
komplek housing,komplek housing,Muliama,"Kabupaten Jayawijaya, Papua","Kabupaten Jayawijaya, Papua",PAPUA,,Indonesia,,,,-40.150.136,1.387.794.089,https://maps.google.com/?cid=0x0:0x476f36206973f3bd,
komplek housing,Komplek perumahan,Komplek Raya Housing/Molek Blok B No. 4,"PW95+CQ7, Jl. Raya Housing, RT.006/RW.011, Jatiwaringin, Kec. Pd. Gede, Kota Bks, Jawa Barat 17411","Jl. Raya Housing, RT.006/RW.011, Jatiwaringin, Kec. Pd. Gede, Kota Bks",PAPUA,17411.0,Indonesia,,,,-62.814.591,106.909.408,https://maps.google.com/?cid=0x0:0x47a4e28e626334ff,
komplek housing,Komplek perumahan,ALEESHA RESIDENCE,"PXQH+HVG, Jl. Cendrawasih IV, RT.008/RW.012, Pekayon Jaya, Kec. Bekasi Sel., Kota Bks, Jawa Barat 17148","Jl. Cendrawasih IV, RT.008/RW.012, Pekayon Jaya, Kec. Bekasi Sel., Kota Bks",PAPUA,17148.0,Indonesia,,,,-62.610.503,1.069.797.041,https://maps.google.com/?cid=0x0:0xb00936b9294ab24a,
komplek housing,Komplek perumahan,Komplek Raya Housing (Molek) Blok L3 - ZAIA,"Komplek Raya Housing (Molek No.3 Blok-L, RT.005/RW.011, Jatiwaringin, Kec. Pd. Gede, Kota Bks, Jawa Barat 17411","RT.005/RW.011, Jatiwaringin, Kec. Pd. Gede, Kota Bks",PAPUA,17411.0,Indonesia,,,,-62.791.346,1.069.098.178,https://maps.google.com/?cid=0x0:0x70e05a91fbc23a92,
komplek housing,Perumahan,Mulia Bekasi Residence,"Jl. Irigasi, Sirnajati, Kec. Cibarusah, Kabupaten Bekasi, Jawa Barat 17340","Sirnajati, Kec. Cibarusah, Kabupaten Bekasi",PAPUA,17340.0,Indonesia,81325522822.0,,,-64.457.147,1.070.939.995,https://maps.google.com/?cid=0x0:0xe79bfabeb444c4f5,
komplek housing,komplek housing,Komplek Housing,"Blok Bojong Nangka I, Jl. Ring Rudal Blok Bojong Nangka I No.68, RT.001/RW.007, Jatirahayu, Kec. Pd. Melati, Kota Bks, Jawa Barat 17414","Jl. Ring Rudal Blok Bojong Nangka I No.68, RT.001/RW.007, Jatirahayu, Kec. Pd. Melati, Kota Bks",PAPUA,17414.0,Indonesia,,,,-6.293.724,1.069.165.114,https://maps.google.com/?cid=0x0:0x9c50464976dee674,
komplek housing,komplek housing,Bugi,"Distrik Bugi, Kabupaten Jayawijaya, Papua","Kabupaten Jayawijaya, Papua",PAPUA,,Indonesia,,,,-38.488.307,1.388.347.102,https://maps.google.com/?cid=0x0:0x70cda09f99fbabb5,
komplek housing,komplek housing,Papua 99557,"Kabupaten Mamberamo Tengah, Papua","Kabupaten Mamberamo Tengah, Papua",PAPUA,,Indonesia,,,,-37.408.827,1.389.404.364,https://maps.google.com/?cid=0x0:0xb128d87fca34f08d,
komplek housing,komplek housing,Papua,,Papua,PAPUA,,Indonesia,,,,-4.269.928,1.380.803.529,https://maps.google.com/?cid=0x0:0xeba94e9c5eefe673,
komplek housing,Komplek perumahan,Komplek Abadi,"Jl. Kolonel Sugiono No.64, RT.5/RW.4, Duren Sawit, Kec. Duren Sawit, Kota Jakarta Timur, Daerah Khusus Ibukota Jakarta 13440","RT.5/RW.4, Duren Sawit, Kec. Duren Sawit, Kota Jakarta Timur",PAPUA,13440.0,Indonesia,,,,-62.263.602,1.069.090.587,https://maps.google.com/?cid=0x0:0x411a933e73c7ea82,
komplek housing,Perumahan,Perumahan anagata Hills,"M2XJ+5HX, Jl. Siti 1, RT.001/RW.008, Mustikajaya, Kec. Mustika Jaya, Kota Bks, Jawa Barat 17158","Jl. Siti 1, RT.001/RW.008, Mustikajaya, Kec. Mustika Jaya, Kota Bks",PAPUA,17158.0,Indonesia,,,,-63.020.065,1.070.314.984,https://maps.google.com/?cid=0x0:0xb640731a5bbce468,
komplek housing,Perumahan,Rumah Murah Bekasi,"Jl. Ki Serut No.132, Ciledug, Kec. Setu, Kabupaten Bekasi, Jawa Barat 17320","Ciledug, Kec. Setu, Kabupaten Bekasi",PAPUA,17320.0,Indonesia,,,,-63.543.235,1.070.322.621,https://maps.google.com/?cid=0x0:0x73f2262a518573e8,
komplek housing,Rumah Kaca,Taman Elok,"R287+775, Bahagia, Kec. Babelan, Kabupaten Bekasi, Jawa Barat 17610","Bahagia, Kec. Babelan, Kabupaten Bekasi",PAPUA,17610.0,Indonesia,,,,-6.184.371,1.070.132.436,https://maps.google.com/?cid=0x0:0x676fb14f55ad0119,
komplek housing,Komplek perumahan,GLADIOLA RESIDENCE,"Jl. Taman Asri Utama, RT.001/RW.012, Cipadu, Kec. Larangan, Kota Tangerang, Banten 15154","RT.001/RW.012, Cipadu, Kec. Larangan, Kota Tangerang",PAPUA,15154.0,Indonesia,217321555.0,,,-62.400.038,1.067.320.051,https://maps.google.com/?cid=0x0:0xb3be05263853850b,
komplek housing,komplek housing,Komplek Housing,"Blok Bojong Nangka I, Jl. Ring Rudal Blok Bojong Nangka I No.68, RT.001/RW.007, Jatirahayu, Kec. Pd. Melati, Kota Bks, Jawa Barat 17414","Jl. Ring Rudal Blok Bojong Nangka I No.68, RT.001/RW.007, Jatirahayu, Kec. Pd. Melati, Kota Bks",PAPUA,17414.0,Indonesia,,,,-6.293.724,1.069.165.114,https://maps.google.com/?cid=0x0:0x9c50464976dee674,
komplek housing,komplek housing,Papua 99557,"Kabupaten Mamberamo Tengah, Papua","Kabupaten Mamberamo Tengah, Papua",PAPUA,,Indonesia,,,,-37.408.827,1.389.404.364,https://maps.google.com/?cid=0x0:0xb128d87fca34f08d,
komplek housing,Komplek perumahan,Desa kalarin,"5WPJ+VF, Wirima, Kec. Ilugwa, Kabupaten Mamberamo Tengah, Papua","Kabupaten Mamberamo Tengah, Papua",PAPUA,,Indonesia,,,,-38.128.162,1.389.312.457,https://maps.google.com/?cid=0x0:0x6ca3af6521ff96ea,
komplek housing,Kantor Pemerintah,Kampung Ilugwa,"5XP2+73, Melenggama, Kec. Ilugwa, Kabupaten Mamberamo Tengah, Papua","Kabupaten Mamberamo Tengah, Papua",PAPUA,,Indonesia,,,,-38.143.577,1.389.502.414,https://maps.google.com/?cid=0x0:0x535f031bf9748cb,
komplek housing,Perhimpunan Pengembang Perumahan,Abenahi,"5356+3J6, Abenaho, Kec. Abenaho, Kabupaten Yalimo, Papua","Kabupaten Yalimo, Papua",PAPUA,,Indonesia,,,,-3.842.344,1.390.615.086,https://maps.google.com/?cid=0x0:0x71aabccd42752b3a,
komplek housing,Komplek perumahan,Mas weedt,"66C2+3V, Dombomi, Kec. Abenaho, Kabupaten Yalimo, Papua","Kabupaten Yalimo, Papua",PAPUA,,Indonesia,,,,-377.979,139.202.131,https://maps.google.com/?cid=0x0:0x9c160546112a2890,
komplek housing,Pembangunan Perumahan,KAMPUNG KUMBU,"8P7M+JM8, Kumbu, Distrik Kelila, Kabupaten Mamberamo Tengah, Papua","Kabupaten Mamberamo Tengah, Papua",PAPUA,,Indonesia,,,,-36.859.516,1.387.342.049,https://maps.google.com/?cid=0x0:0xb2ae383598a58a9e,
komplek housing,Pembangunan Perumahan,Arimagame,"5MXM+36, Injuta, Tagineri, Kabupaten Jayawijaya, Papua","Kabupaten Jayawijaya, Papua",PAPUA,,Indonesia,,,,-38.023.476,1.386.831.159,https://maps.google.com/?cid=0x0:0x568c140bf14e2d24,
komplek housing,Komplek perumahan,"Wageo, Kediaman Ita Pagawak","83F2+CHV, Kobakma, Distrik Kobagma, Kabupaten Mamberamo Tengah, Papua","Kabupaten Mamberamo Tengah, Papua",PAPUA,,Indonesia,,,,-36.763.761,1.390.514.094,https://maps.google.com/?cid=0x0:0x235abcdb58b8ea3a,
komplek housing,komplek housing,Paremal Boys {PRM},"8M98+4WJ, Bokondini, Kec. Bokondini, Kabupaten Tolikara, Papua 99556","Bokondini, Kec. Bokondini, Kabupaten Tolikara",PAPUA,99556.0,Indonesia,81221416127.0,,,-36.832.944,1.386.664.513,https://maps.google.com/?cid=0x0:0x6f72c9da0d8b50a4,
komplek housing,Komplek perumahan,Kampung Kalarin,"5WH8+53Q, Kalarin, Kec. Ilugwa, Kabupaten Mamberamo Tengah, Papua","Kabupaten Mamberamo Tengah, Papua",PAPUA,,Indonesia,,,,-38.220.372,1.389.152.456,https://maps.google.com/?cid=0x0:0xaf45763755807a60,
komplek housing,Komplek perumahan,Dusun Wiknggop,"3QR9+4X7, Piramid, Distrik Piramid, Kabupaten Jayawijaya, Papua","Kabupaten Jayawijaya, Papua",PAPUA,,Indonesia,,,,-39.097.142,138.769.937,https://maps.google.com/?cid=0x0:0xf95b4e98fb24d8fd,
komplek housing,Komplek perumahan,Kabupaten Mamberamo Tengah,"83J7+3FF, Kobakma, Distrik Kobagma, Kabupaten Mamberamo Tengah, Papua","Kabupaten Mamberamo Tengah, Papua",PAPUA,,Indonesia,,,,-36.698.129,1.390.636.745,https://maps.google.com/?cid=0x0:0x192310995ab682ef,
komplek housing,Komplek perumahan,Kelapa 1 Kobakma Mamteng,"83J7+3FF, Kobakma, Distrik Kobagma, Kabupaten Mamberamo Tengah, Papua","Kabupaten Mamberamo Tengah, Papua",PAPUA,,Indonesia,,,,-36.698.129,1.390.636.745,https://maps.google.com/?cid=0x0:0x768fa24986aaf113,
komplek housing,Komplek perumahan,Kampung wollo,"5V38+V8J, Pirambot, Wollo, Kabupaten Jayawijaya, Papua","Kabupaten Jayawijaya, Papua",PAPUA,,Indonesia,,,,-38.452.753,138.865.767,https://maps.google.com/?cid=0x0:0x7d3cb826b534c5dd,
komplek housing,Komplek perumahan,Perumahan Eselon 3A,"83M8+356, Kobakma, Distrik Kobagma, Kabupaten Mamberamo Tengah, Papua 99553","Kobakma, Distrik Kobagma, Kabupaten Mamberamo Tengah",PAPUA,99553.0,Indonesia,,,,-36.673.282,1.390.653.753,https://maps.google.com/?cid=0x0:0x3c450aca74ae7953,
komplek housing,Komplek perumahan,Dusun Luime,"3QW7+24X, Piramid, Distrik Piramid, Kabupaten Jayawijaya, Papua","Kabupaten Jayawijaya, Papua",PAPUA,,Indonesia,,,,-39.051.924,1.387.622.756,https://maps.google.com/?cid=0x0:0x600f54c31434878f,
komplek housing,Komplek perumahan,kobakma Mamberamo Tengah,"8338+QX, Baliblabuk, Distrik Kobagma, Kabupaten Mamberamo Tengah, Papua","Kabupaten Mamberamo Tengah, Papua",PAPUA,,Indonesia,,,,-36.664.653,1.391.209.906,https://maps.google.com/?cid=0x0:0x3b03bc5d999c17ef,
komplek housing,Komplek perumahan,Usilimo,"3VC8+XX7, Usilimo, Distrik Wesaput, Kabupaten Jayawijaya, Papua","Kabupaten Jayawijaya, Papua",PAPUA,,Indonesia,,,,-39.275.897,1.388.674.138,https://maps.google.com/?cid=0x0:0xadafa46c84b35939,
komplek housing,komplek housing,Kampung Danama,"4X5C+37M, Danama, Kec. Ilugwa, Kabupaten Mamberamo Tengah, Papua 99554","Danama, Kec. Ilugwa, Kabupaten Mamberamo Tengah",PAPUA,99554.0,Indonesia,,,,-38.922.855,1.389.706.803,https://maps.google.com/?cid=0x0:0x7bb92797ae347224,
komplek housing,Komplek perumahan,"Kampung Ilenam, Distrik Usilimo,Kabupaten Jayawijaya","3RVM+7W7, Siba, Kec. Kurulu, Kabupaten Jayawijaya, Papua","Kabupaten Jayawijaya, Papua",PAPUA,,Indonesia,,,,-39.068.475,1.388.348.115,https://maps.google.com/?cid=0x0:0x81d36859e7a9e55f,
komplek housing,komplek housing,Distrik Bpiri,"Kabupaten Jayawijaya, Papua","Kabupaten Jayawijaya, Papua",PAPUA,,Indonesia,,,,-40.509.708,1.387.921.043,https://maps.google.com/?cid=0x0:0xda92be8780927,
komplek housing,komplek housing,Walesi,"Distrik Asolokobal, Kabupaten Jayawijaya, Papua","Kabupaten Jayawijaya, Papua",PAPUA,,Indonesia,,,,-42.041.187,1.388.900.659,https://maps.google.com/?cid=0x0:0x4ec82d1233f4250e,
komplek housing,Pembangunan Perumahan,Welco,"VW64+CJX, Walesi, Distrik Silo Karno Doga, Kabupaten Jayawijaya, Papua 99511","Walesi, Distrik Silo Karno Doga, Kabupaten Jayawijaya",PAPUA,99511.0,Indonesia,,,,-41.388.754,1.389.065.982,https://maps.google.com/?cid=0x0:0xebbca37477ea1f3f,
komplek housing,Komplek perumahan,King Dolinggu,"VWJ8+585, Hurekama, Distrik Wamena, Kabupaten Jayawijaya, Papua","Kabupaten Jayawijaya, Papua",PAPUA,,Indonesia,,,,-41.196.066,1.389.158.592,https://maps.google.com/?cid=0x0:0x697f89d7db92da02,
komplek housing,Komplek perumahan,"RUMAH WIWEN, DAVID HALUK","VWPC+6H, Hurekama, Distrik Wamena, Kabupaten Jayawijaya, Papua","Kabupaten Jayawijaya, Papua",PAPUA,,Indonesia,,,,-4.114.125,1.389.208.334,https://maps.google.com/?cid=0x0:0x8a3787821c0bd603,
komplek housing,Komplek perumahan,Disini,"VWWJ+8C5, Jl. Irian, Hurekama, Distrik Wamena, Kabupaten Jayawijaya, Papua 99511","Jl. Irian, Hurekama, Distrik Wamena, Kabupaten Jayawijaya",PAPUA,99511.0,Indonesia,82116727682.0,,,-41.042.457,1.389.311.248,https://maps.google.com/?cid=0x0:0xbf036543a3485bf5,
komplek housing,Komplek perumahan,Eklesia,"VWM3+VJ, Hurekama, Distrik Silo Karno Doga, Kabupaten Jayawijaya, Papua","Kabupaten Jayawijaya, Papua",PAPUA,,Indonesia,,,,-41.205.627,1.389.020.257,https://maps.google.com/?cid=0x0:0xf2b8374ca9ec11ac,
komplek housing,Komplek perumahan,WYNN RESIDENCE,"Jl. Cileutik, Taman Sari, Kec. Setu, Kabupaten Bekasi, Jawa Barat 17320","Taman Sari, Kec. Setu, Kabupaten Bekasi",PAPUA,17320.0,Indonesia,82113156168.0,,,-6.363.971,1.070.231.541,https://maps.google.com/?cid=0x0:0x8807d49f439e58a3,
komplek housing,Kompleks Kondominium,Puri Nilam Kencana,"Puri Nilam Kencana Gg. Buntu Blok AU, No. 6, Jatirahayu, Kec. Pd. Melati, Kota Bks, Jawa Barat 17413","No. 6, Jatirahayu, Kec. Pd. Melati, Kota Bks",PAPUA,17413.0,Indonesia,88212554680.0,,,-62.903.689,1.069.226.453,https://maps.google.com/?cid=0x0:0xcb28b86c64260d16,
komplek housing,komplek housing,Asotipo,"Distrik Asotipo, Kabupaten Jayawijaya, Papua","Kabupaten Jayawijaya, Papua",PAPUA,,Indonesia,,,,-41.804.666,1.389.555.563,https://maps.google.com/?cid=0x0:0x192219b0fdd1ba14,
komplek housing,Kantor Pemerintah,PEKUBURAN UMUM HITIGIMA,"RXFQ+3MV, Asotipo, Distrik Asolokobal, Kabupaten Jayawijaya, Papua 99511","Asotipo, Distrik Asolokobal, Kabupaten Jayawijaya",PAPUA,99511.0,Indonesia,,,,-4.176.212,138.989.887,https://maps.google.com/?cid=0x0:0xa9bf7ce087bef79f,
komplek housing,Komplek perumahan,Kampung wenowa,"R273+37W, Sogokmo, Distrik Asotipo, Kabupaten Jayawijaya, Papua","Kabupaten Jayawijaya, Papua",PAPUA,,Indonesia,,,,-41.872.631,1.390.032.132,https://maps.google.com/?cid=0x0:0xc04a4fc34ff80e1d,
komplek housing,Komplek perumahan,Hitigima Wetasland GuesHous,"RXFQ+7MG, HITIGIMA, Distrik Asotipo, Kabupaten Jayawijaya, Papua","Kabupaten Jayawijaya, Papua",PAPUA,,Indonesia,,,,-41.768.077,1.389.892.143,https://maps.google.com/?cid=0x0:0x12520004420f0e28,
komplek housing,Perhimpunan Pengembang Perumahan,Dusun Salima,"RX3G+9GX, Putagaima, Distrik Asotipo, Kabupaten Jayawijaya, Papua 99511","Putagaima, Distrik Asotipo, Kabupaten Jayawijaya",PAPUA,99511.0,Indonesia,,,,-41.965.032,138.976.371,https://maps.google.com/?cid=0x0:0x6428eef38c7189b5,
komplek housing,Pembangunan Perumahan,kurima,"R224+59H, Sogokmo, Distrik Asotipo, Kabupaten Jayawijaya, Papua 99511","Sogokmo, Distrik Asotipo, Kabupaten Jayawijaya",PAPUA,99511.0,Indonesia,,,,-41.995.684,1.390.059.852,https://maps.google.com/?cid=0x0:0xf3e6dde3f015a08a,
komplek housing,Tujuan Wisata,Lapangan Misionaris Pertama  Lapangan Pemerintahan pertama di Pegunungan Papua Pertama,"RXFQ+7MG, Hitigima, Distrik Asotipo, Kabupaten Jayawijaya, Papua","Kabupaten Jayawijaya, Papua",PAPUA,,Indonesia,,,,-41.768.077,1.389.892.143,https://maps.google.com/?cid=0x0:0xec8657c9d2639710,
komplek housing,Pembangunan Perumahan,Boiki aiwa,"RX3H+99Q, Jl. Salima, siraganikmo, RT.002/RW.010. Desa, kuantapo, Distrik Asotipo, Kabupaten Jayawijaya, Papua","Kabupaten Jayawijaya, Papua",PAPUA,,Indonesia,,,,-41.965.406,1.389.784.871,https://maps.google.com/?cid=0x0:0x53c474b098875645,
komplek housing,Komplek perumahan,Wetapoma Ambonekama,"RXCR+C42, Asotipo, Distrik Asotipo, Kabupaten Jayawijaya, Papua","Kabupaten Jayawijaya, Papua",PAPUA,,Indonesia,,,,-4.178.999,1.389.902.571,https://maps.google.com/?cid=0x0:0x8593df8eac34aa4d,
komplek housing,komplek housing,Maima,"Distrik Miama, Kabupaten Jayawijaya, Papua","Kabupaten Jayawijaya, Papua",PAPUA,,Indonesia,,,,-41.481.955,1.390.110.305,https://maps.google.com/?cid=0x0:0xb060130406da7459,
komplek housing,komplek housing,Haletaga 1,"VX7C+8M6, Minimo, Distrik Miama, Kabupaten Jayawijaya, Papua 99511","Minimo, Distrik Miama, Kabupaten Jayawijaya",PAPUA,99511.0,Indonesia,,,,-41.367.122,1.389.716.357,https://maps.google.com/?cid=0x0:0x82776ec50eff7de8,
komplek housing,komplek housing,Kampung Haletaga,"V226+PCC, Kampung Mengaima, Distrik Miama, Kabupaten Jayawijaya, Papua 99511","Kampung Mengaima, Distrik Miama, Kabupaten Jayawijaya",PAPUA,99511.0,Indonesia,,,,-41.481.955,1.390.110.305,https://maps.google.com/?cid=0x0:0x55fe15cad6754ba4,
komplek housing,Komplek perumahan,Wenyatma,"RX2M+FX, Putagaima, Distrik Asotipo, Kabupaten Jayawijaya, Papua","Kabupaten Jayawijaya, Papua",PAPUA,,Indonesia,,,,-41.988.476,1.389.849.084,https://maps.google.com/?cid=0x0:0x888deba496a0dd1e,
komplek housing,Komplek perumahan,Hitigima Wetasland GuesHous,"RXFQ+7MG, HITIGIMA, Distrik Asotipo, Kabupaten Jayawijaya, Papua","Kabupaten Jayawijaya, Papua",PAPUA,,Indonesia,,,,-41.768.077,1.389.892.143,https://maps.google.com/?cid=0x0:0x12520004420f0e28,
komplek housing,Pembangunan Perumahan,kurima,"R224+59H, Sogokmo, Distrik Asotipo, Kabupaten Jayawijaya, Papua 99511","Sogokmo, Distrik Asotipo, Kabupaten Jayawijaya",PAPUA,99511.0,Indonesia,,,,-41.995.684,1.390.059.852,https://maps.google.com/?cid=0x0:0xf3e6dde3f015a08a,
komplek housing,komplek housing,Komplek Housing,"Blok Bojong Nangka I, Jl. Ring Rudal Blok Bojong Nangka I No.68, RT.001/RW.007, Jatirahayu, Kec. Pd. Melati, Kota Bks, Jawa Barat 17414","Jl. Ring Rudal Blok Bojong Nangka I No.68, RT.001/RW.007, Jatirahayu, Kec. Pd. Melati, Kota Bks",PAPUA,17414.0,Indonesia,,,,-6.293.724,1.069.165.114,https://maps.google.com/?cid=0x0:0x9c50464976dee674,
komplek housing,komplek housing,Pupugoba,"Distrik Asolokobal, Kabupaten Jayawijaya, Papua","Kabupaten Jayawijaya, Papua",PAPUA,,Indonesia,,,,-41.666.341,1.390.514.094,https://maps.google.com/?cid=0x0:0x18e373e019470065,
komplek housing,Komplek perumahan,Kampung wenowa,"R273+37W, Sogokmo, Distrik Asotipo, Kabupaten Jayawijaya, Papua","Kabupaten Jayawijaya, Papua",PAPUA,,Indonesia,,,,-41.872.631,1.390.032.132,https://maps.google.com/?cid=0x0:0xc04a4fc34ff80e1d,
komplek housing,Pembangunan Perumahan,kurima,"R224+59H, Sogokmo, Distrik Asotipo, Kabupaten Jayawijaya, Papua 99511","Sogokmo, Distrik Asotipo, Kabupaten Jayawijaya",PAPUA,99511.0,Indonesia,,,,-41.995.684,1.390.059.852,https://maps.google.com/?cid=0x0:0xf3e6dde3f015a08a,
komplek housing,komplek housing,Sumunagema,"R224+59H air garam, Jl, Sogokmo, Distrik Asotipo, Kabupaten Jayawijaya, Papua 99511","Jl, Sogokmo, Distrik Asotipo, Kabupaten Jayawijaya",PAPUA,99511.0,Indonesia,,,,-41.995.684,1.390.059.852,https://maps.google.com/?cid=0x0:0x53d8eee07af7d491,
komplek housing,komplek housing,Dusun Sumunagema,"R273+37W, Sogokmo, Distrik Asotipo, Kabupaten Jayawijaya, Papua","Kabupaten Jayawijaya, Papua",PAPUA,,Indonesia,,,,-41.872.631,1.390.032.131,https://maps.google.com/?cid=0x0:0x28d0b39120d35c85,
komplek housing,Pembangunan Perumahan,Kampung Lotia,"Q2CF+M8, Luhulema, Kec. Kurima, Kabupaten Yahukimo, Papua 99511","Luhulema, Kec. Kurima, Kabupaten Yahukimo",PAPUA,99511.0,Indonesia,,,,-42.283.016,1.390.232.686,https://maps.google.com/?cid=0x0:0x91c172a699ac08dd,
komplek housing,Komplek perumahan,Wame,"2PJX+99, Halefa, Muliama, Kabupaten Jayawijaya, Papua","Kabupaten Jayawijaya, Papua",PAPUA,,Indonesia,,,,-39.690.921,1.387.484.008,https://maps.google.com/?cid=0x0:0xd4c11dedda6c8b59,
komplek housing,Komplek perumahan,Dusun Wendama,"2QJW+H2, Halefa, Muliama, Kabupaten Jayawijaya, Papua","Kabupaten Jayawijaya, Papua",PAPUA,,Indonesia,,,,-39.685.256,1.387.950.415,https://maps.google.com/?cid=0x0:0xe7097f2308695e62,
komplek housing,komplek housing,Komplek Housing,"Blok Bojong Nangka I, Jl. Ring Rudal Blok Bojong Nangka I No.68, RT.001/RW.007, Jatirahayu, Kec. Pd. Melati, Kota Bks, Jawa Barat 17414","Jl. Ring Rudal Blok Bojong Nangka I No.68, RT.001/RW.007, Jatirahayu, Kec. Pd. Melati, Kota Bks",PAPUA,17414.0,Indonesia,,,,-6.293.724,1.069.165.114,https://maps.google.com/?cid=0x0:0x9c50464976dee674,
komplek housing,Komplek perumahan,WB. Indah,"PPWC+GCQ, Jurang Mangu Barat, Kec. Pd. Aren, Kota Tangerang Selatan, Banten","Kota Tangerang Selatan, Banten",PAPUA,,Indonesia,,,,-6.253.655,1.067.211.052,https://maps.google.com/?cid=0x0:0xcc4e2caae2dd06ee,
komplek housing,Komplek perumahan,Green Bintaro Indah No. 7,"Green Bintaro Indah Blok Sumatera No.7, East Jurang Manggu, Pondok Aren, South Tangerang City, Banten","Kota Tangerang Selatan, Banten",PAPUA,,Indonesia,,,,-62.582.503,1.067.323.008,https://maps.google.com/?cid=0x0:0x44f75302cc04d4af,
komplek housing,Pembangunan Perumahan,Toyoco,"Jl. Jiin Gatong II No.242, RT.04/RW.03, Jurang Mangu Barat, Kec. Pd. Aren, Kota Tangerang Selatan, Banten 15223","RT.04/RW.03, Jurang Mangu Barat, Kec. Pd. Aren, Kota Tangerang Selatan",PAPUA,15223.0,Indonesia,,,,-62.537.031,1.067.214.089,https://maps.google.com/?cid=0x0:0xcb5b67cee225795c,
komplek housing,Komplek perumahan,Kompleks hetuma,"WW7J+HW, Honelama, Distrik Wamena, Kabupaten Jayawijaya, Papua","Kabupaten Jayawijaya, Papua",PAPUA,,Indonesia,,,,-40.860.549,1.389.323.181,https://maps.google.com/?cid=0x0:0xfcddc5fc6dca66a,
komplek housing,komplek housing,Distrik Wesaput,"Kabupaten Jayawijaya, Papua","Kabupaten Jayawijaya, Papua",PAPUA,,Indonesia,,,,-39.286.661,1.388.697.184,https://maps.google.com/?cid=0x0:0x5f4ee261c2c94c30,
komplek housing,Komplek perumahan,Kompleks Waklam,"WX34+G3J, Wesaput, Distrik Wamena, Kabupaten Jayawijaya, Papua 99511","Wesaput, Distrik Wamena, Kabupaten Jayawijaya",PAPUA,99511.0,Indonesia,,,,-40.961.734,1.389.551.255,https://maps.google.com/?cid=0x0:0x3469525f37f6f2c2,
komplek housing,Komplek perumahan,HOMTER__SQUAD,"WW9Q+R2X, Jl. Hom-Hom, Hetuma, Distrik Bugi, Kabupaten Jayawijaya, Papua 99511","Jl. Hom-Hom, Hetuma, Distrik Bugi, Kabupaten Jayawijaya",PAPUA,99511.0,Indonesia,,,,-40.803.924,1.389.376.171,https://maps.google.com/?cid=0x0:0xdeac66541bd3d3ed,
komplek housing,Komplek perumahan,House of NPagawak,"VXV2+W6Q, Ketimavit, Distrik Wamena, Kabupaten Jayawijaya, Papua 99511","Ketimavit, Distrik Wamena, Kabupaten Jayawijaya",PAPUA,99511.0,Indonesia,,,,-41.042.177,1.389.501.639,https://maps.google.com/?cid=0x0:0xcd339cd025afd796,
komplek housing,Komplek perumahan,"LK,3 (RKP)","WW9V+27M, Jl. Hom-Hom, Hetuma, Distrik Wesaput, Kabupaten Jayawijaya, Papua 99511","Jl. Hom-Hom, Hetuma, Distrik Wesaput, Kabupaten Jayawijaya",PAPUA,99511.0,Indonesia,,,,-40.825.458,1.389.426.753,https://maps.google.com/?cid=0x0:0xf02b7eba4be69b05,
komplek housing,komplek housing,rumah potikelek,"WW5Q+VRR, Jl. Thamrin, Wamena Kota, Distrik Wesaput, Kabupaten Jayawijaya, Papua 99511","Jl. Thamrin, Wamena Kota, Distrik Wesaput, Kabupaten Jayawijaya",PAPUA,99511.0,Indonesia,,,,-40.902.507,1.389.395.282,https://maps.google.com/?cid=0x0:0xd2f798c70f3d05b3,
komplek housing,Komplek perumahan,Blok E,"WW9Q+R2X, Jl. Hom-Hom, Hetuma, Distrik Bugi, Kabupaten Jayawijaya, Papua 99511","Jl. Hom-Hom, Hetuma, Distrik Bugi, Kabupaten Jayawijaya",PAPUA,99511.0,Indonesia,,,,-40.803.924,1.389.376.171,https://maps.google.com/?cid=0x0:0x51dc04385309c06c,
komplek housing,Komplek perumahan,YALKOM POTI,"Jl. SD. Percobaan, Kama, Distrik Wesaput, Kabupaten Jayawijaya, Papua 99511","Kama, Distrik Wesaput, Kabupaten Jayawijaya",PAPUA,99511.0,Indonesia,,,,-4.085.915,1.389.382.093,https://maps.google.com/?cid=0x0:0xaf67a14d7aa75c17,
komplek housing,Pertanian,Perumahan Pensip Wesaput,"VXX4+XCX, Ketimavit, Distrik Wesaput, Kabupaten Jayawijaya, Papua 99511","Ketimavit, Distrik Wesaput, Kabupaten Jayawijaya",PAPUA,99511.0,Indonesia,,,,-41.000.055,1.389.561.083,https://maps.google.com/?cid=0x0:0x75b5ab65cbba493b,
komplek housing,Komplek perumahan,LEMBAH BALIEM RESIDENCE,"WX72+568, Jalan, Wesaput, Distrik Wamena, Kabupaten Jayawijaya, Papua 99511","Jalan, Wesaput, Distrik Wamena, Kabupaten Jayawijaya",PAPUA,99511.0,Indonesia,,,,-40.870.819,138.950.574,https://maps.google.com/?cid=0x0:0x8607095b92a0aab8,
komplek housing,Komplek perumahan,Pasang House,"Jl. Thamrin No.69, Wamena Kota, Distrik Wamena, Kabupaten Jayawijaya, Papua 99511","Wamena Kota, Distrik Wamena, Kabupaten Jayawijaya",PAPUA,99511.0,Indonesia,,,,-40.902.561,138.939.215,https://maps.google.com/?cid=0x0:0x722db4010a673c41,
komplek housing,Pembangunan Perumahan,Komp Gatason (GTS),"VXX2+F4X, Wamena Kota, Distrik Wamena, Kabupaten Jayawijaya, Papua 99511","Wamena Kota, Distrik Wamena, Kabupaten Jayawijaya",PAPUA,99511.0,Indonesia,,,,-41.012.606,1.389.503.663,https://maps.google.com/?cid=0x0:0x7fbb74d4522d4001,
komplek housing,Perhimpunan Pengembang Perumahan,KELUARGA HUBY SIUS,"WX37+55C, Wesaput, Distrik Wamena, Kabupaten Jayawijaya, Papua 99511","Wesaput, Distrik Wamena, Kabupaten Jayawijaya",PAPUA,99511.0,Indonesia,,,,-40.968.651,1.389.624.612,https://maps.google.com/?cid=0x0:0xe4f451c9bcaca79c,
komplek housing,Sekolah,Lorong Argentina Komplex YPK,"WW2Q+WJF, Hurekama, Distrik Wamena, Kabupaten Jayawijaya, Papua 99511","Hurekama, Distrik Wamena, Kabupaten Jayawijaya",PAPUA,99511.0,Indonesia,,,,-4.097.691,1.389.390.426,https://maps.google.com/?cid=0x0:0x705b385db2ab4c96,
komplek housing,Komplek perumahan,Rumah Saya,"WWFH+XVM, Honelama, Distrik Wamena, Kabupaten Jayawijaya, Papua 99511","Honelama, Distrik Wamena, Kabupaten Jayawijaya",PAPUA,99511.0,Indonesia,,,,-40.751.968,1.389.298.201,https://maps.google.com/?cid=0x0:0xdf1a693160a8f504,
komplek housing,komplek housing,Kosan AP Welkos (Huselom),"WW9V+X6F, Kama, Distrik Wamena, Kabupaten Jayawijaya, Papua 99511","Kama, Distrik Wamena, Kabupaten Jayawijaya",PAPUA,99511.0,Indonesia,,,,-40.800.625,1.389.430.469,https://maps.google.com/?cid=0x0:0x463836aba2c3323b,
komplek housing,Rumah Kayu,STM Yabaso Ninabua,"Jl. Hom-Hom, Kama, Distrik Wesaput, Kabupaten Jayawijaya, Papua 99511","Kama, Distrik Wesaput, Kabupaten Jayawijaya",PAPUA,99511.0,Indonesia,,,,-40.824.967,1.389.395.249,https://maps.google.com/?cid=0x0:0xebf7cba3306af38d,
komplek housing,komplek housing,Green House,"WW3W+23J, Jl. Ahmad Yani, Wamena Kota, Distrik Wamena, Kabupaten Jayawijaya, Papua 99511","Jl. Ahmad Yani, Wamena Kota, Distrik Wamena, Kabupaten Jayawijaya",PAPUA,99511.0,Indonesia,,,,-40.974.197,1.389.451.479,https://maps.google.com/?cid=0x0:0x3e815857060af4bc,
komplek housing,Kios,Mawel Home,"WW7X+MVM, Jl. Patimura, Kama, Distrik Wamena, Kabupaten Jayawijaya, Papua 99511","Jl. Patimura, Kama, Distrik Wamena, Kabupaten Jayawijaya",PAPUA,99511.0,Indonesia,85254100072.0,,,-40.857.589,1.389.496.921,https://maps.google.com/?cid=0x0:0xb4b7fcbdc57ce1,
komplek housing,Komplek perumahan,kompleks perumahan dinas ketahanan pangan wamena,"WWCQ+59H, Hetuma, Distrik Wamena, Kabupaten Jayawijaya, Papua 99511","Hetuma, Distrik Wamena, Kabupaten Jayawijaya",PAPUA,99511.0,Indonesia,,,,-40.795.628,1.389.384.933,https://maps.google.com/?cid=0x0:0xe069f89a0f5bf80e,
perumahan,perumahan,Papua 99511,"Kabupaten Jayawijaya, Papua","Kabupaten Jayawijaya, Papua",PAPUA,,Indonesia,,,,-41.714.095,1.390.009.403,https://maps.google.com/?cid=0x0:0x46f6e5d8d994670b,
perumahan,Komplek perumahan,Pasang House,"Jl. Thamrin No.69, Wamena Kota, Distrik Wamena, Kabupaten Jayawijaya, Papua 99511","Wamena Kota, Distrik Wamena, Kabupaten Jayawijaya",PAPUA,99511.0,Indonesia,,,,-40.902.561,138.939.215,https://maps.google.com/?cid=0x0:0x722db4010a673c41,
perumahan,Komplek perumahan,Rumah,"WW3W+HHG, Wamena Kota, Distrik Wamena, Kabupaten Jayawijaya, Papua 99511","Wamena Kota, Distrik Wamena, Kabupaten Jayawijaya",PAPUA,99511.0,Indonesia,,,,-40.960.509,1.389.465.042,https://maps.google.com/?cid=0x0:0x8d04d94822afe98f,
perumahan,Pusat Perbelanjaan,Pasar Sinakma,"VWVJ+WHW, Hurekama, Distrik Wamena, Kabupaten Jayawijaya, Papua Pegunungan, 99511","Hurekama, Distrik Wamena, Kabupaten Jayawijaya",PAPUA,99511.0,Indonesia,79248639751.0,,,-41.051.375,1.389.314.531,https://maps.google.com/?cid=0x0:0x11c583eb450556bc,
perumahan,Restoran,Rumah Makan Fakhira,"Jl. Jenderal Sudirman, Hurekama, Distrik Wamena, Kabupaten Jayawijaya, Papua 99511","Hurekama, Distrik Wamena, Kabupaten Jayawijaya",PAPUA,99511.0,Indonesia,81344825154.0,,,-40.976.119,1.389.414.398,https://maps.google.com/?cid=0x0:0xd31981df4f62f506,
perumahan,perumahan,Distrik Wamena,"Kabupaten Jayawijaya, Papua","Kabupaten Jayawijaya, Papua",PAPUA,,Indonesia,,,,-40.921.497,1.389.461.887,https://maps.google.com/?cid=0x0:0xa15f7e373733e275,
perumahan,Perhimpunan Pengembang Perumahan,Gereja Kemah Injil Indonesia (GKII) Effata Wamena,"WW4V+42R, Jl. SD. Percobaan, Wamena Kota, Distrik Wamena, Kabupaten Jayawijaya, Papua 99511","Jl. SD. Percobaan, Wamena Kota, Distrik Wamena, Kabupaten Jayawijaya",PAPUA,99511.0,Indonesia,96931052.0,,,-40.946.341,1.389.425.176,https://maps.google.com/?cid=0x0:0xf4f4145db8205565,
perumahan,perumahan,Wamena Kota,"Distrik Wamena, Kabupaten Jayawijaya, Papua","Kabupaten Jayawijaya, Papua",PAPUA,,Indonesia,,,,-40.946.449,1.389.479.959,https://maps.google.com/?cid=0x0:0x992afd0911fc8ca0,
perumahan,Komplek perumahan,Rumahnya morgan,"Jl. Yos Sudarso Bistro Remaja jaya No.90, Wamena Kota, Distrik Wamena, Kabupaten Jayawijaya, Papua 99511","Wamena Kota, Distrik Wamena, Kabupaten Jayawijaya",PAPUA,99511.0,Indonesia,,,,-41.022.125,1.389.361.629,https://maps.google.com/?cid=0x0:0x29788de095e30c4e,
perumahan,perumahan,Wamena,"Wamena Kota, Distrik Wamena, Kabupaten Jayawijaya, Papua","Kabupaten Jayawijaya, Papua",PAPUA,,Indonesia,,,,-40.921.406,138.946.159,https://maps.google.com/?cid=0x0:0xcc5436aebda9b95b,
perumahan,Pembangunan Perumahan,WimaneSili,"WW5W+4FV, Wamena Kota, Distrik Wamena, Kabupaten Jayawijaya, Papua 99511","Wamena Kota, Distrik Wamena, Kabupaten Jayawijaya",PAPUA,99511.0,Indonesia,,,,-40.921.406,138.946.159,https://maps.google.com/?cid=0x0:0x379be7a5e4d07251,
perumahan,Komplek perumahan,Rumah Pak Dominggus Mt,"WW5W+4GV, Jalan, sumatera, Wamena Kota, Distrik Wamena, Kabupaten Jayawijaya, Papua 99511","Jalan, sumatera, Wamena Kota, Distrik Wamena, Kabupaten Jayawijaya",PAPUA,99511.0,Indonesia,81212184364.0,,,-40.921.296,1.389.462.822,https://maps.google.com/?cid=0x0:0xa9299aae084d12b2,
perumahan,perumahan,Cucian motor/mobil,"WW5W+4GV, Jln,JB Wenas, Wamena Kota, Distrik Wamena, Kabupaten Jayawijaya, Papua","Kabupaten Jayawijaya, Papua",PAPUA,,Indonesia,,,,-40.921.296,1.389.462.823,https://maps.google.com/?cid=0x0:0xc47e394ba024eef9,
perumahan,Komplek perumahan,Qiwonak,"WW5W+4GV, Wamena Kota, Distrik Wamena, Kabupaten Jayawijaya, Papua","Kabupaten Jayawijaya, Papua",PAPUA,,Indonesia,,,,-40.921.296,1.389.462.823,https://maps.google.com/?cid=0x0:0x20ba220a7b6fbd43,
perumahan,Komplek perumahan,MARKISA,"WW5W+4GV, Wamena Kota, Distrik Wamena, Kabupaten Jayawijaya, Papua","Kabupaten Jayawijaya, Papua",PAPUA,,Indonesia,,,,-40.921.296,1.389.462.823,https://maps.google.com/?cid=0x0:0xdcb89a0bf7cb5d41,
perumahan,Komplek perumahan,Holima,"WW5W+4GV, Wamena Kota, Distrik Wamena, Kabupaten Jayawijaya, Papua","Kabupaten Jayawijaya, Papua",PAPUA,,Indonesia,,,,-40.921.296,1.389.462.823,https://maps.google.com/?cid=0x0:0xea65d5b6170af5d4,
perumahan,Komplek perumahan,Pak Yare,"WW5W+4GV, Wamena Kota, Distrik Wamena, Kabupaten Jayawijaya, Papua 99511","Wamena Kota, Distrik Wamena, Kabupaten Jayawijaya",PAPUA,99511.0,Indonesia,,,,-40.921.296,1.389.462.822,https://maps.google.com/?cid=0x0:0x10f23869d8da1d0d,
perumahan,Perhimpunan Pengembang Perumahan,Mulliaukul,"Jln, muliama, Distrik Wamena, Kabupaten Jayawijaya, Papua","Kabupaten Jayawijaya, Papua",PAPUA,,Indonesia,81233223300.0,,,-40.921.296,1.389.462.823,https://maps.google.com/?cid=0x0:0x3e6a16c3fc0644d0,
perumahan,perumahan,Vatikan city ( Virka Home),"Jalan home hotel belakang lapas wamena, Wamena Kota, Distrik Wamena, Kabupaten Jayawijaya, Papua","Kabupaten Jayawijaya, Papua",PAPUA,,Indonesia,,,,-40.921.296,1.389.462.823,https://maps.google.com/?cid=0x0:0xa46e0f09caa32b9,
perumahan,Komplek perumahan,Hendra wandik,"WW5W+4FV, Wamena Kota, Distrik Wamena, Kabupaten Jayawijaya, Papua","Kabupaten Jayawijaya, Papua",PAPUA,,Indonesia,,,,-40.921.406,138.946.159,https://maps.google.com/?cid=0x0:0x7565167048bc1071,
perumahan,Komplek perumahan,Kevin canys tabuni,"WW5W+4GV, Jl. Jenderal Sudirman, Wamena Kota, Distrik Wamena, Kabupaten Jayawijaya, Papua 99511","Jl. Jenderal Sudirman, Wamena Kota, Distrik Wamena, Kabupaten Jayawijaya",PAPUA,99511.0,Indonesia,82133161523.0,,,-40.921.296,1.389.462.823,https://maps.google.com/?cid=0x0:0x3c6b603ac251ec3e,
perumahan,Komplek perumahan,Nadia asso,"WW5W+4GV, Wamena Kota, Distrik Wamena, Kabupaten Jayawijaya, Papua","Kabupaten Jayawijaya, Papua",PAPUA,,Indonesia,,,,-40.921.296,1.389.462.823,https://maps.google.com/?cid=0x0:0x2bfa37ea76e5c182,
perumahan,perumahan,Kec. Kurulu,"Kabupaten Jayawijaya, Papua","Kabupaten Jayawijaya, Papua",PAPUA,,Indonesia,,,,-39.656.195,1.389.506.295,https://maps.google.com/?cid=0x0:0x7d3b725defdaf634,
perumahan,Komplek perumahan,Tetoqima,"XXM6+7W, Mulima, Kec. Kurulu, Kabupaten Jayawijaya, Papua","Kabupaten Jayawijaya, Papua",PAPUA,,Indonesia,,,,-40.154.693,1.389.624.753,https://maps.google.com/?cid=0x0:0x28a03d7a2230fca8,
perumahan,Komplek perumahan,Perumahan Honai Sehat 2 Pikhe Wamena,"WWPP+7H6, Hetuma, Distrik Wamena, Kabupaten Jayawijaya, Papua 99566","Hetuma, Distrik Wamena, Kabupaten Jayawijaya",PAPUA,99566.0,Indonesia,,,,-40.643.288,1.389.363.979,https://maps.google.com/?cid=0x0:0x124406bec9b5ec45,
perumahan,Kios,Dulla,"XXQ6+H5, Mulima, Kec. Kurulu, Kabupaten Jayawijaya, Papua","Kabupaten Jayawijaya, Papua",PAPUA,,Indonesia,,,,-40.110.652,138.960.403,https://maps.google.com/?cid=0x0:0xf992619d76b0f5b5,
perumahan,Pembangunan Perumahan,"Perumahan Subsidi MUAI PERMATA""""","Hetuma, Distrik Bugi, Kabupaten Jayawijaya, Papua 99566","Distrik Bugi, Kabupaten Jayawijaya",PAPUA,99566.0,Indonesia,82199105881.0,,,-40.645.518,1.389.215.944,https://maps.google.com/?cid=0x0:0xc519d261a7a675e7,
perumahan,Komplek perumahan,Nooima,"XXJ8+M5, Mulima, Kec. Kurulu, Kabupaten Jayawijaya, Papua","Kabupaten Jayawijaya, Papua",PAPUA,,Indonesia,,,,-40.183.008,138.965.416,https://maps.google.com/?cid=0x0:0x10a5b20e6aa28738,
perumahan,Pembangunan Perumahan,"Yikwa Kogoya Indume, Wamena, Papua","WWJV+GCJ, Hetuma, Distrik Wamena, Kabupaten Jayawijaya, Papua 99566","Hetuma, Distrik Wamena, Kabupaten Jayawijaya",PAPUA,99566.0,Indonesia,81343310982.0,,,-40.686.632,1.389.435.068,https://maps.google.com/?cid=0x0:0xcdbfa5da1c192daf,
perumahan,Komplek perumahan,Kibaima,"2WQM+268, Waga - Waga, Kec. Kurulu, Kabupaten Jayawijaya, Papua 99554","Waga - Waga, Kec. Kurulu, Kabupaten Jayawijaya",PAPUA,99554.0,Indonesia,,,,-39.624.511,1.389.330.927,https://maps.google.com/?cid=0x0:0x98cf6ce0f2034c56,
perumahan,Komplek perumahan,Tumaqonem wemake,"XXM4+23, Mulima, Kec. Kurulu, Kabupaten Jayawijaya, Papua","Kabupaten Jayawijaya, Papua",PAPUA,,Indonesia,,,,-40.174.122,1.389.552.474,https://maps.google.com/?cid=0x0:0xf215ffbb8b9c61bc,
perumahan,Komplek perumahan,Yakiqima,"XXQ7+2V, Mulima, Kec. Kurulu, Kabupaten Jayawijaya, Papua","Kabupaten Jayawijaya, Papua",PAPUA,,Indonesia,,,,-40.124.448,1.389.646.153,https://maps.google.com/?cid=0x0:0x4016f565f4024db3,
perumahan,Komplek perumahan,yarkama kampg kimima kurulu,"2X63+99, Kimima, Kec. Kurulu, Kabupaten Jayawijaya, Papua","Kabupaten Jayawijaya, Papua",PAPUA,,Indonesia,,,,-39.891.263,138.953.463,https://maps.google.com/?cid=0x0:0x70fddb7af977090e,
perumahan,Pembangunan Perumahan,Rumah Soleman Ikinia,"XV4X+C8V, Hubikiak, Kec. Hubikosi, Kabupaten Jayawijaya, Papua 99566","Hubikiak, Kec. Hubikosi, Kabupaten Jayawijaya",PAPUA,99566.0,Indonesia,,,,-40.438.786,1.388.983.048,https://maps.google.com/?cid=0x0:0x205e3d0b86eacdfc,
perumahan,perumahan,Wulabima,"2WC7+F9M, Eragama, Kec. Kurulu, Kabupaten Jayawijaya, Papua","Kabupaten Jayawijaya, Papua",PAPUA,,Indonesia,,,,-39.787.877,1.389.134.358,https://maps.google.com/?cid=0x0:0x82503db3844c6bb4,
perumahan,Komplek perumahan,"LK,3 (RKP)","WW9V+27M, Jl. Hom-Hom, Hetuma, Distrik Wesaput, Kabupaten Jayawijaya, Papua 99511","Jl. Hom-Hom, Hetuma, Distrik Wesaput, Kabupaten Jayawijaya",PAPUA,99511.0,Indonesia,,,,-40.825.458,1.389.426.753,https://maps.google.com/?cid=0x0:0xf02b7eba4be69b05,
perumahan,Komplek perumahan,Panorama Street,"WWMJ+VW3, Panorama, pike, Kabupaten Jayawijaya, Papua 99566","Panorama, pike, Kabupaten Jayawijaya",PAPUA,99566.0,Indonesia,,,,-40.653.705,1.389.322.976,https://maps.google.com/?cid=0x0:0xbeb06883ed190f0f,
perumahan,Kios,Morllaikawagga,"WXR6+2GG, Okoloma, Kec. Kurulu, Kabupaten Jayawijaya, Papua 99566","Okoloma, Kec. Kurulu, Kabupaten Jayawijaya",PAPUA,99566.0,Indonesia,,,,-4.059.937,1.389.613.273,https://maps.google.com/?cid=0x0:0xe321f1bd693a781,
perumahan,Komplek perumahan,Honabila,"XXM6+7W, Mulima, Kec. Kurulu, Kabupaten Jayawijaya, Papua","Kabupaten Jayawijaya, Papua",PAPUA,,Indonesia,,,,-40.167.637,1.389.622.785,https://maps.google.com/?cid=0x0:0xb2bcba118d71c86f,
perumahan,Komplek perumahan,Punaima,"XXCC+5W, Aikima, Distrik Pisugi, Kabupaten Jayawijaya, Papua","Kabupaten Jayawijaya, Papua",PAPUA,,Indonesia,,,,-40.296.166,138.972.363,https://maps.google.com/?cid=0x0:0xfee2ccf541df69c6,
perumahan,Galeri Seni,Karogime gelok muara,"WWMH+3JR, Jl.Hom-hom, karogime, Distrik Wamena, Kabupaten Jayawijaya, Papua","Kabupaten Jayawijaya, Papua",PAPUA,,Indonesia,,,,-40.672.683,1.389.290.249,https://maps.google.com/?cid=0x0:0x5c2e084d6003ce4,
perumahan,Komplek perumahan,"Kompleks Rumah Dinas III, KPPN Wamena","WW3Q+PG8, Jl. Irian, Hurekama, Distrik Wamena, Kabupaten Jayawijaya, Papua 99511","Jl. Irian, Hurekama, Distrik Wamena, Kabupaten Jayawijaya",PAPUA,99511.0,Indonesia,85244985655.0,,,-40.957.184,1.389.388.323,https://maps.google.com/?cid=0x0:0x7c02eb7bf3530faf,
perumahan,Komplek perumahan,Husaqal abila,"XXJ6+R8, Mulima, Kec. Kurulu, Kabupaten Jayawijaya, Papua","Kabupaten Jayawijaya, Papua",PAPUA,,Indonesia,,,,-40.178.934,1.389.608.479,https://maps.google.com/?cid=0x0:0x170a0ba63e8ffa1a,
perumahan,Perhimpunan Pengembang Perumahan,BTN MUAI,"WWGH+JP9, Honelama, Distrik Wamena, Kabupaten Jayawijaya, Papua 99511","Honelama, Distrik Wamena, Kabupaten Jayawijaya",PAPUA,99511.0,Indonesia,,,,-40.734.511,1.389.293.648,https://maps.google.com/?cid=0x0:0x3982696be32da9d2,
perumahan,perumahan,UGD Gangk,"WWGM+P7, Hetuma, Distrik Bugi, Kabupaten Jayawijaya, Papua","Kabupaten Jayawijaya, Papua",PAPUA,,Indonesia,,,,-4.073.876,138.933.481,https://maps.google.com/?cid=0x0:0x2967006de3a9d297,
perumahan,Pembangunan Perumahan,Pikhe,"WWXR+M92, Jl trans pikhe, nalima, Kec. Kurulu, Kabupaten Jayawijaya, Papua","Kabupaten Jayawijaya, Papua",PAPUA,,Indonesia,,,,-40.508.662,1.389.408.791,https://maps.google.com/?cid=0x0:0x9b8c84f06561ef06,
perumahan,perumahan,Distrik Asologaima,"Miliama, Kabupaten Jayawijaya, Papua","Kabupaten Jayawijaya, Papua",PAPUA,,Indonesia,,,,-39.852.898,1.388.097.572,https://maps.google.com/?cid=0x0:0x20cc4b389d8bfedf,
perumahan,perumahan,Kec. Hubikosi,"Kabupaten Jayawijaya, Papua","Kabupaten Jayawijaya, Papua",PAPUA,,Indonesia,,,,-40.490.104,1.388.577.544,https://maps.google.com/?cid=0x0:0xb58476f2990a5694,
perumahan,perumahan,Distrik Bolakme,"Kabupaten Jayawijaya, Papua","Kabupaten Jayawijaya, Papua",PAPUA,,Indonesia,,,,-38.537.009,1.387.225.212,https://maps.google.com/?cid=0x0:0xaeb52071a18fcd8c,
perumahan,perumahan,Bolakme,"Distrik Bolakme, Kabupaten Jayawijaya, Papua","Kabupaten Jayawijaya, Papua",PAPUA,,Indonesia,,,,-38.429.392,1.387.342.029,https://maps.google.com/?cid=0x0:0x519665a300476eb0,
perumahan,Pembangunan Perumahan,onggabaga,"5R43+Q95, Jl. Trans Wollo, Tamokilu, Distrik Bolakme, Kabupaten Jayawijaya, Papua 99555","Jl. Trans Wollo, Tamokilu, Distrik Bolakme, Kabupaten Jayawijaya",PAPUA,99555.0,Indonesia,,,,-38.431.017,1.388.034.961,https://maps.google.com/?cid=0x0:0x2d2d2365327c9770,
perumahan,perumahan,Papua 99557,"Kabupaten Mamberamo Tengah, Papua","Kabupaten Mamberamo Tengah, Papua",PAPUA,,Indonesia,,,,-37.408.827,1.389.404.364,https://maps.google.com/?cid=0x0:0xb128d87fca34f08d,
perumahan,Kantor Pemerintah,Puskesmas Distrik Bolakme,"Jalan Wamena-Tolikara km.48, Bolakme, Binibaga, Distrik Bolakme, Kabupaten Jayawijaya, Papua 99555","Bolakme, Binibaga, Distrik Bolakme, Kabupaten Jayawijaya",PAPUA,99555.0,Indonesia,,,,-38.539.913,1.387.220.798,https://maps.google.com/?cid=0x0:0xe905423e8d981d94,
perumahan,perumahan,Distrik Walelagama,"Kabupaten Jayawijaya, Papua","Kabupaten Jayawijaya, Papua",PAPUA,,Indonesia,,,,-41.007.417,1.389.842.397,https://maps.google.com/?cid=0x0:0x4ec180b11b6dda4d,
perumahan,Komplek perumahan,Harkultak'yoma,"WX7V+RQ7, Walelagama, Distrik Walelagama, Kabupaten Jayawijaya, Papua","Kabupaten Jayawijaya, Papua",PAPUA,,Indonesia,,,,-40.854.649,1.389.944.088,https://maps.google.com/?cid=0x0:0xadcd76a6e9dd6ede,
perumahan,perumahan,Haletaga 1,"VX7C+8M6, Minimo, Distrik Miama, Kabupaten Jayawijaya, Papua 99511","Minimo, Distrik Miama, Kabupaten Jayawijaya",PAPUA,99511.0,Indonesia,,,,-41.367.122,1.389.716.357,https://maps.google.com/?cid=0x0:0x82776ec50eff7de8,
perumahan,Pembangunan Perumahan,harkultak emenogo ke nen,"WX7V+RQ7, Walelagama, Distrik Walelagama, Kabupaten Jayawijaya, Papua","Kabupaten Jayawijaya, Papua",PAPUA,,Indonesia,,,,-40.850.228,1.389.955.716,https://maps.google.com/?cid=0x0:0x7e13d11e1c19d269,
perumahan,Perhimpunan Pengembang Perumahan,Dusun Yabekena,"WX6V+RF, Pugima, Distrik Walelagama, Kabupaten Jayawijaya, Papua","Kabupaten Jayawijaya, Papua",PAPUA,,Indonesia,,,,-4.087.926,1.389.937.251,https://maps.google.com/?cid=0x0:0x4eaeeee902cee53c,
perumahan,perumahan,Istana,"WXQX+3P, Siepkosi, Distrik Wame, Kabupaten Jayawijaya, Papua","Kabupaten Jayawijaya, Papua",PAPUA,,Indonesia,85219584214.0,,,-40.624.275,1.389.993.696,https://maps.google.com/?cid=0x0:0x3f33df2141f4a9cd,
perumahan,Komplek perumahan,Pawuma,"XX9C+4H, Aikima, Distrik Pisugi, Kabupaten Jayawijaya, Papua","Kabupaten Jayawijaya, Papua",PAPUA,,Indonesia,,,,-40.322.289,1.389.714.128,https://maps.google.com/?cid=0x0:0xaf93e6eaf9d8fbef,
perumahan,Komplek perumahan,Dusun mulia,"WXFP+G7C, Siepkosi, Distrik Walelagama, Kabupaten Jayawijaya, Papua","Kabupaten Jayawijaya, Papua",PAPUA,,Indonesia,,,,-40.761.827,1.389.856.543,https://maps.google.com/?cid=0x0:0x4cf9cc81868f2adc,
perumahan,Komplek perumahan,Punaima,"XXCC+5W, Aikima, Distrik Pisugi, Kabupaten Jayawijaya, Papua","Kabupaten Jayawijaya, Papua",PAPUA,,Indonesia,,,,-40.296.166,138.972.363,https://maps.google.com/?cid=0x0:0xfee2ccf541df69c6,
perumahan,Kios,Morllaikawagga,"WXR6+2GG, Okoloma, Kec. Kurulu, Kabupaten Jayawijaya, Papua 99566","Okoloma, Kec. Kurulu, Kabupaten Jayawijaya",PAPUA,99566.0,Indonesia,,,,-4.059.937,1.389.613.273,https://maps.google.com/?cid=0x0:0xe321f1bd693a781,
perumahan,Komplek perumahan,Honabila,"XXM6+7W, Mulima, Kec. Kurulu, Kabupaten Jayawijaya, Papua","Kabupaten Jayawijaya, Papua",PAPUA,,Indonesia,,,,-40.167.637,1.389.622.785,https://maps.google.com/?cid=0x0:0xb2bcba118d71c86f,
perumahan,Gedung Apartemen,Wasmu,"Jl. Gatot Subroto No.63, Ketimavit, Distrik Wamena, Kabupaten Jayawijaya, Papua 99511","Ketimavit, Distrik Wamena, Kabupaten Jayawijaya",PAPUA,99511.0,Indonesia,,,,-41.096.028,1.389.610.206,https://maps.google.com/?cid=0x0:0x9e966adcbd15642,
perumahan,perumahan,Kampung Haletaga,"VX7C+3G, Sinata, Distrik Asolokobal, Kabupaten Jayawijaya, Papua","Kabupaten Jayawijaya, Papua",PAPUA,,Indonesia,,,,-41.372.964,1.389.713.323,https://maps.google.com/?cid=0x0:0xb014d1bccc9df07,
perumahan,Perhimpunan Pengembang Perumahan,KELUARGA HUBY SIUS,"WX37+55C, Wesaput, Distrik Wamena, Kabupaten Jayawijaya, Papua 99511","Wesaput, Distrik Wamena, Kabupaten Jayawijaya",PAPUA,99511.0,Indonesia,,,,-40.968.651,1.389.624.612,https://maps.google.com/?cid=0x0:0xe4f451c9bcaca79c,
perumahan,perumahan,Kampung Haletaga,"V226+PCC, Kampung Mengaima, Distrik Miama, Kabupaten Jayawijaya, Papua 99511","Kampung Mengaima, Distrik Miama, Kabupaten Jayawijaya",PAPUA,99511.0,Indonesia,,,,-41.481.955,1.390.110.305,https://maps.google.com/?cid=0x0:0x55fe15cad6754ba4,
perumahan,Komplek perumahan,Nooima,"XXJ8+M5, Mulima, Kec. Kurulu, Kabupaten Jayawijaya, Papua","Kabupaten Jayawijaya, Papua",PAPUA,,Indonesia,,,,-40.183.008,138.965.416,https://maps.google.com/?cid=0x0:0x10a5b20e6aa28738,
perumahan,Pembangunan Perumahan,Batu-bata,"WX36+GMP, Wesaput, Distrik Wamena, Kabupaten Jayawijaya, Papua 99511","Wesaput, Distrik Wamena, Kabupaten Jayawijaya",PAPUA,99511.0,Indonesia,,,,-40.957.067,1.389.607.919,https://maps.google.com/?cid=0x0:0x505e15811088ba85,
perumahan,Komplek perumahan,Obyek Wisata Kumugima,"XXCC+R6, Aikima, Distrik Pisugi, Kabupaten Jayawijaya, Papua","Kabupaten Jayawijaya, Papua",PAPUA,,Indonesia,,,,-40.279.885,13.897.053,https://maps.google.com/?cid=0x0:0xb1baa35ced45c5ed,
perumahan,Komplek perumahan,Husaqal abila,"XXJ6+R8, Mulima, Kec. Kurulu, Kabupaten Jayawijaya, Papua","Kabupaten Jayawijaya, Papua",PAPUA,,Indonesia,,,,-40.178.934,1.389.608.479,https://maps.google.com/?cid=0x0:0x170a0ba63e8ffa1a,
perumahan,Komplek perumahan,Tetoqima,"XXM6+7W, Mulima, Kec. Kurulu, Kabupaten Jayawijaya, Papua","Kabupaten Jayawijaya, Papua",PAPUA,,Indonesia,,,,-40.154.693,1.389.624.753,https://maps.google.com/?cid=0x0:0x28a03d7a2230fca8,
perumahan,Perhimpunan Pengembang Perumahan,Dusun Wenagaima,"RXRF+9HG, Asolokobal, Distrik Asolokobal, Kabupaten Jayawijaya, Papua 99511","Asolokobal, Distrik Asolokobal, Kabupaten Jayawijaya",PAPUA,99511.0,Indonesia,,,,-41.590.615,1.389.739.454,https://maps.google.com/?cid=0x0:0xa017c2d37dbf2a8c,
perumahan,perumahan,Kec. Musatfak,"Kabupaten Jayawijaya, Papua","Kabupaten Jayawijaya, Papua",PAPUA,,Indonesia,,,,-40.029.267,1.388.661.179,https://maps.google.com/?cid=0x0:0x597f05d595f663f6,
perumahan,Komplek perumahan,Usilimo,"3VC8+XX7, Usilimo, Distrik Wesaput, Kabupaten Jayawijaya, Papua","Kabupaten Jayawijaya, Papua",PAPUA,,Indonesia,,,,-39.275.897,1.388.674.138,https://maps.google.com/?cid=0x0:0xadafa46c84b35939,
perumahan,perumahan,Wulabima,"2WC7+F9M, Eragama, Kec. Kurulu, Kabupaten Jayawijaya, Papua","Kabupaten Jayawijaya, Papua",PAPUA,,Indonesia,,,,-39.787.877,1.389.134.358,https://maps.google.com/?cid=0x0:0x82503db3844c6bb4,
perumahan,Komplek perumahan,Wosialah Kampung,"3VJV+5CG, Wosiala, Kec. Kurulu, Kabupaten Jayawijaya, Papua 99554","Wosiala, Kec. Kurulu, Kabupaten Jayawijaya",PAPUA,99554.0,Indonesia,,,,-39.195.734,138.893.566,https://maps.google.com/?cid=0x0:0xf4a5886aa8407c57,
perumahan,Komplek perumahan,Dusun Kambolok,"2R75+VWJ, Kombagwe, Asologaima, Kabupaten Jayawijaya, Papua 99555","Kombagwe, Asologaima, Kabupaten Jayawijaya",PAPUA,99555.0,Indonesia,,,,-39.852.898,1.388.097.572,https://maps.google.com/?cid=0x0:0xe13850052f5a360c,
perumahan,Komplek perumahan,Dusun Wulugima Muliama,"JL. Muhammad Thamrin, No. 23, Miliama, Jaya Wijaya, Kabupaten Jayawijaya, Papua 99566","No. 23, Miliama, Jaya Wijaya, Kabupaten Jayawijaya",PAPUA,99566.0,Indonesia,,,,-3.995.781,138.804.016,https://maps.google.com/?cid=0x0:0x80e0feef2eeaf37,
perumahan,Pembangunan Perumahan,Dusun Gonam,"2R67+55, Miliama, Distrik Asologaima, Kabupaten Jayawijaya, Papua","Kabupaten Jayawijaya, Papua",PAPUA,,Indonesia,,,,-39.895.105,1.388.129.957,https://maps.google.com/?cid=0x0:0x8c7b8ff2ee90d950,
perumahan,Komplek perumahan,Desa Alona,"3VM6+JQM, Usilimo - Karubaga, Usilimo, Distrik Wesaput, Kabupaten Jayawijaya, Papua","Kabupaten Jayawijaya, Papua",PAPUA,,Indonesia,,,,-39.159.119,1.388.619.355,https://maps.google.com/?cid=0x0:0xfe2c26171da7d2f8,
perumahan,Pusat Kesehatan Masyarakat,PUSKESMAS PEMBANTU JUMUGIMA,"2VX8+MQV, KAMPUNG YUMUGIMA, Kec. Musatfak, Kabupaten Jayawijaya, Papua","Kabupaten Jayawijaya, Papua",PAPUA,,Indonesia,,,,-39.507.742,1.388.669.253,https://maps.google.com/?cid=0x0:0x621302b5d267b581,
perumahan,Rumah Kayu,Honai Adat Wantik Walela Asologaima,"2RGX+CG, Anegera, Kec. Musatfak, Kabupaten Jayawijaya, Papua","Kabupaten Jayawijaya, Papua",PAPUA,,Indonesia,,,,-39.738.991,1.388.488.576,https://maps.google.com/?cid=0x0:0xf66391289362fba2,
perumahan,perumahan,Papua 99557,"Kabupaten Mamberamo Tengah, Papua","Kabupaten Mamberamo Tengah, Papua",PAPUA,,Indonesia,,,,-37.408.827,1.389.404.364,https://maps.google.com/?cid=0x0:0xb128d87fca34f08d,
perumahan,perumahan,Distrik Asolokobal,"Kabupaten Jayawijaya, Papua","Kabupaten Jayawijaya, Papua",PAPUA,,Indonesia,,,,-41.326.299,1.389.528.278,https://maps.google.com/?cid=0x0:0x6dec72258c529071,
perumahan,Perusahaan Konstruksi,Perumahan Koramil Sinakma,"VWVJ+WHW, Hurekama, Distrik Wamena, Kabupaten Jayawijaya, Papua 99511","Hurekama, Distrik Wamena, Kabupaten Jayawijaya",PAPUA,99511.0,Indonesia,,,,-4.105.891,1.389.311.934,https://maps.google.com/?cid=0x0:0x9b944dbed46d5a74,
perumahan,Perhimpunan Pengembang Perumahan,Dusun Wenagaima,"RXRF+9HG, Asolokobal, Distrik Asolokobal, Kabupaten Jayawijaya, Papua 99511","Asolokobal, Distrik Asolokobal, Kabupaten Jayawijaya",PAPUA,99511.0,Indonesia,,,,-41.590.615,1.389.739.454,https://maps.google.com/?cid=0x0:0xa017c2d37dbf2a8c,
perumahan,perumahan,Istana Bapak Muhammad Yelipele,"VW69+GQ7, Sinata, Distrik Asolokobal, Kabupaten Jayawijaya, Papua 99511","Sinata, Distrik Asolokobal, Kabupaten Jayawijaya",PAPUA,99511.0,Indonesia,,,,-41.389.821,1.389.197.005,https://maps.google.com/?cid=0x0:0xe238636cac26fb1a,
perumahan,Kantor Pemerintah,PEKUBURAN UMUM HITIGIMA,"RXFQ+3MV, Asotipo, Distrik Asolokobal, Kabupaten Jayawijaya, Papua 99511","Asotipo, Distrik Asolokobal, Kabupaten Jayawijaya",PAPUA,99511.0,Indonesia,,,,-4.176.212,138.989.887,https://maps.google.com/?cid=0x0:0xa9bf7ce087bef79f,
perumahan,Rumah wisata,Rumah Keluarga Drs. Baharuddin Patoding,"Hurekama, Distrik Wamena, Kabupaten Jayawijaya, Papua 99511","Distrik Wamena, Kabupaten Jayawijaya",PAPUA,99511.0,Indonesia,,,,-41.030.518,1.389.372.515,https://maps.google.com/?cid=0x0:0x67c08e120c85d486,
perumahan,Kios,Amulok,"VWWW+99, Wouma, Distrik Piramid, Kabupaten Jayawijaya, Papua 99511","Wouma, Distrik Piramid, Kabupaten Jayawijaya",PAPUA,99511.0,Indonesia,,,,-4.104.019,138.945.906,https://maps.google.com/?cid=0x0:0x590d17f20100b026,
perumahan,Pembangunan Perumahan,Welco,"VW64+CJX, Walesi, Distrik Silo Karno Doga, Kabupaten Jayawijaya, Papua 99511","Walesi, Distrik Silo Karno Doga, Kabupaten Jayawijaya",PAPUA,99511.0,Indonesia,,,,-41.388.754,1.389.065.982,https://maps.google.com/?cid=0x0:0xebbca37477ea1f3f,
perumahan,perumahan,Kampung Haletaga,"VX7C+3G, Sinata, Distrik Asolokobal, Kabupaten Jayawijaya, Papua","Kabupaten Jayawijaya, Papua",PAPUA,,Indonesia,,,,-41.372.964,1.389.713.323,https://maps.google.com/?cid=0x0:0xb014d1bccc9df07,
perumahan,Komplek perumahan,Kompleks Waklam,"WX34+G3J, Wesaput, Distrik Wamena, Kabupaten Jayawijaya, Papua 99511","Wesaput, Distrik Wamena, Kabupaten Jayawijaya",PAPUA,99511.0,Indonesia,,,,-40.961.734,1.389.551.255,https://maps.google.com/?cid=0x0:0x3469525f37f6f2c2,
perumahan,Pembangunan Perumahan,Komp Gatason (GTS),"VXX2+F4X, Wamena Kota, Distrik Wamena, Kabupaten Jayawijaya, Papua 99511","Wamena Kota, Distrik Wamena, Kabupaten Jayawijaya",PAPUA,99511.0,Indonesia,,,,-41.012.606,1.389.503.663,https://maps.google.com/?cid=0x0:0x7fbb74d4522d4001,
perumahan,perumahan,Haletaga 1,"VX7C+8M6, Minimo, Distrik Miama, Kabupaten Jayawijaya, Papua 99511","Minimo, Distrik Miama, Kabupaten Jayawijaya",PAPUA,99511.0,Indonesia,,,,-41.367.122,1.389.716.357,https://maps.google.com/?cid=0x0:0x82776ec50eff7de8,
perumahan,Komplek perumahan,Kompleks orang kogoya,"VWWG+V9J, Hurekama, Distrik Wamena, Kabupaten Jayawijaya, Papua 99511","Hurekama, Distrik Wamena, Kabupaten Jayawijaya",PAPUA,99511.0,Indonesia,,,,-41.027.917,1.389.258.923,https://maps.google.com/?cid=0x0:0x9b5647bcf245b28b,
perumahan,Komplek perumahan,Rumah kos Olala,"WWGM+9VM, Hubikiak, Distrik Bugi, Kabupaten Jayawijaya, Papua","Kabupaten Jayawijaya, Papua",PAPUA,,Indonesia,,,,-40.740.325,1.389.346.622,https://maps.google.com/?cid=0x0:0x51597b228242bc1b,
perumahan,Komplek perumahan,Mabes Buselek,"VWWH+JGC, Perumahan Pemda Lama Sinakma, Hurekama, Distrik Wamena, Kabupaten Jayawijaya, Papua 99511","Perumahan Pemda Lama Sinakma, Hurekama, Distrik Wamena, Kabupaten Jayawijaya",PAPUA,99511.0,Indonesia,,,,-41.034.251,1.389.287.767,https://maps.google.com/?cid=0x0:0xa638001b773164b1,
perumahan,Apartemen sewa liburan,Rusun ASN Pemprov Papua Pegunungan,"VWMM+8H, Sinata, Distrik Asolokobal, Kabupaten Jayawijaya, Papua","Kabupaten Jayawijaya, Papua",PAPUA,,Indonesia,,,,-41.166.667,1.389.338.889,https://maps.google.com/?cid=0x0:0x5a104c783c386e0e,
perumahan,Komplek perumahan,Lambra,"WX33+3VJ, Jl. Way Saee, Wamena Kota, Distrik Wamena, Kabupaten Jayawijaya, Papua 99511","Jl. Way Saee, Wamena Kota, Distrik Wamena, Kabupaten Jayawijaya",PAPUA,99511.0,Indonesia,,,,-40.972.924,1.389.546.261,https://maps.google.com/?cid=0x0:0x8380770854468dcc,
perumahan,Komplek perumahan,Rumah Bapa Rohadi (Wamena),"VWXP+FCV, Hurekama, Distrik Wamena, Kabupaten Jayawijaya, Papua","Kabupaten Jayawijaya, Papua",PAPUA,,Indonesia,,,,-41.012.513,1.389.360.599,https://maps.google.com/?cid=0x0:0x756f9e5048fdc31c,
perumahan,perumahan,Rumah Qiwonak,"WW2J+FJV, Honelama, Distrik Wamena, Kabupaten Jayawijaya, Papua 99511","Honelama, Distrik Wamena, Kabupaten Jayawijaya",PAPUA,99511.0,Indonesia,,,,-40.987.822,1.389.314.972,https://maps.google.com/?cid=0x0:0xdf2d2e0f1f60c119,
perumahan,Komplek perumahan,KOSS MAMA PAPUA,"WW6Q+5PJ, Kama, Distrik Wamena, Kabupaten Jayawijaya, Papua 99511","Kama, Distrik Wamena, Kabupaten Jayawijaya",PAPUA,99511.0,Indonesia,,,,-40.895.319,1.389.392.548,https://maps.google.com/?cid=0x0:0x90dcf1c30a2cdd96,
perumahan,Komplek perumahan,House of NPagawak,"VXV2+W6Q, Ketimavit, Distrik Wamena, Kabupaten Jayawijaya, Papua 99511","Ketimavit, Distrik Wamena, Kabupaten Jayawijaya",PAPUA,99511.0,Indonesia,,,,-41.042.177,1.389.501.639,https://maps.google.com/?cid=0x0:0xcd339cd025afd796,
perumahan,Komplek perumahan,Disini,"VWWJ+8C5, Jl. Irian, Hurekama, Distrik Wamena, Kabupaten Jayawijaya, Papua 99511","Jl. Irian, Hurekama, Distrik Wamena, Kabupaten Jayawijaya",PAPUA,99511.0,Indonesia,82116727682.0,,,-41.042.457,1.389.311.248,https://maps.google.com/?cid=0x0:0xbf036543a3485bf5,
perumahan,Komplek perumahan,Kompleks Barak Pengungsi,"WW5R+3JM, Jl. SD. Percobaan, Wamena Kota, Distrik Wamena, Kabupaten Jayawijaya, Papua","Kabupaten Jayawijaya, Papua",PAPUA,,Indonesia,,,,-40.922.826,138.941.536,https://maps.google.com/?cid=0x0:0x6948d17b401d9dbb,
perumahan,Komplek perumahan,Binom Regency Balingga,"Jln. Kehutanan Kompleks Gunambur Sinakma, Hurekama, Distrik Wamena, Kabupaten Jayawijaya, Papua 99511","Hurekama, Distrik Wamena, Kabupaten Jayawijaya",PAPUA,99511.0,Indonesia,81340723395.0,,,-41.076.293,1.389.332.885,https://maps.google.com/?cid=0x0:0x66fbf59f061bd823,
perumahan,perumahan,Kec. Pelebaga,"Wanggeri, Kabupaten Jayawijaya, Papua","Kabupaten Jayawijaya, Papua",PAPUA,,Indonesia,,,,-40.584.201,1.387.639.011,https://maps.google.com/?cid=0x0:0x365a600ea12ba1e8,
perumahan,Kantor Pemerintah,Kantor Distrik 6,"WQXV+CQ5, Ibele, Kec. Pelebaga, Kabupaten Jayawijaya, Papua","Kabupaten Jayawijaya, Papua",PAPUA,,Indonesia,,,,-40.514.956,1.387.944.857,https://maps.google.com/?cid=0x0:0xa58afa031374180a,
perumahan,Perhimpunan Pengembang Perumahan,Kampung Holaliba,"WQXV+CQ5, Jl, Ibele, Distrik Bpiri, Kabupaten Jayawijaya, Papua 99566","Jl, Ibele, Distrik Bpiri, Kabupaten Jayawijaya",PAPUA,99566.0,Indonesia,,,,-40.514.956,1.387.944.857,https://maps.google.com/?cid=0x0:0xcc838a1924b03b71,
perumahan,Pembangunan Perumahan,Kampung Yabenda Distrik Koragi,"WQXR+JR9, Ibele, Distrik Bpiri, Kabupaten Jayawijaya, Papua","Kabupaten Jayawijaya, Papua",PAPUA,,Indonesia,,,,-40.509.708,1.387.921.043,https://maps.google.com/?cid=0x0:0xe39a96c6fc7831a3,
perumahan,perumahan,Distrik Yalengga,"Kabupaten Jayawijaya, Papua","Kabupaten Jayawijaya, Papua",PAPUA,,Indonesia,,,,-38.816.184,1.387.966.334,https://maps.google.com/?cid=0x0:0xb1c1eac2c795207b,
perumahan,Perhimpunan Pengembang Perumahan,Ap Inuaktaga,"4R2J+5VR, Kampung Walak Selatan, Distrik Bugi, Kabupaten Jayawijaya, Papua","Kabupaten Jayawijaya, Papua",PAPUA,,Indonesia,,,,-38.995.067,1.388.321.417,https://maps.google.com/?cid=0x0:0x62291bc3d64f14b2,
perumahan,Pembangunan Perumahan,onggabaga,"5R43+Q95, Jl. Trans Wollo, Tamokilu, Distrik Bolakme, Kabupaten Jayawijaya, Papua 99555","Jl. Trans Wollo, Tamokilu, Distrik Bolakme, Kabupaten Jayawijaya",PAPUA,99555.0,Indonesia,,,,-38.431.017,1.388.034.961,https://maps.google.com/?cid=0x0:0x2d2d2365327c9770,
perumahan,Komplek perumahan,"Kampung Ilenam, Distrik Usilimo,Kabupaten Jayawijaya","3RVM+7W7, Siba, Kec. Kurulu, Kabupaten Jayawijaya, Papua","Kabupaten Jayawijaya, Papua",PAPUA,,Indonesia,,,,-39.068.475,1.388.348.115,https://maps.google.com/?cid=0x0:0x81d36859e7a9e55f,
perumahan,Komplek perumahan,Kampung dusun alibaga,"3RV2+9H, Holasili, Distrik Piramid, Kabupaten Jayawijaya, Papua","Kabupaten Jayawijaya, Papua",PAPUA,,Indonesia,,,,-39.073.399,1.388.011.364,https://maps.google.com/?cid=0x0:0xcd89b33c4c577953,
perumahan,Pembangunan Perumahan,Perumahan Ambar Waringin Jaya,"Perumahan Ambar Waringin Jaya Blok D5 no 6, Blk. B5 No.27, Waringin Jaya, Kecamatan Bojonggede, Kabupaten Bogor, 16920","Blk. B5 No.27, Waringin Jaya, Kecamatan Bojonggede",PAPUA,16920.0,Indonesia,,,,-6.514.322,1.067.834.165,https://maps.google.com/?cid=0x0:0x9730c621e3e2d477,
perumahan,Komplek perumahan,Perum AWJ Ambar Waringin Jaya,"Jl. Kp. Waringin Jaya No.Ds, Waringin Jaya, Kecamatan Bojonggede, Kabupaten Bogor, Jawa Barat 16920","Waringin Jaya, Kecamatan Bojonggede, Kabupaten Bogor",PAPUA,16920.0,Indonesia,,,,-65.139.251,1.067.815.535,https://maps.google.com/?cid=0x0:0xa7191a86fae8e03f,
perumahan,Kedai Kopi,KEDAI UMI ABI UYeE,"Blok B3 No.23, Blk. B3-B4, Mekarwangi, Kec. Tanah Sereal, Kota Bogor, Jawa Barat 16920","Blk. B3-B4, Mekarwangi, Kec. Tanah Sereal, Kota Bogor",PAPUA,16920.0,Indonesia,81211888712.0,,,-65.130.229,1.067.822.331,https://maps.google.com/?cid=0x0:0xfd27b277e9e00e9,
perumahan,perumahan,Jl. Trikora,"Kabupaten Jayawijaya, Papua 99511","Kabupaten Jayawijaya, Papua",PAPUA,,Indonesia,,,,-40.977.296,1.389.490.484,https://maps.google.com/?cid=0x0:0x782e97675539c273,
perumahan,Pembangunan Perumahan,Distrik Trikora,"VWQ8+9R, Hurekama, Distrik Wamena, Kabupaten Jayawijaya, Papua","Kabupaten Jayawijaya, Papua",PAPUA,,Indonesia,,,,-41.115.517,1.389.170.683,https://maps.google.com/?cid=0x0:0xae11a2dfa8f4769f,
perumahan,perumahan,Rumah MKJ,"Jl. Trikora No.99, Wamena Kota, Distrik Wamena, Kabupaten Jayawijaya, Papua 99511","Wamena Kota, Distrik Wamena, Kabupaten Jayawijaya",PAPUA,99511.0,Indonesia,,,,-40.974.764,1.389.491.186,https://maps.google.com/?cid=0x0:0x7b95af792273eeaa,
perumahan,perumahan,Papua 99511,"Kabupaten Jayawijaya, Papua","Kabupaten Jayawijaya, Papua",PAPUA,,Indonesia,,,,-41.714.095,1.390.009.403,https://maps.google.com/?cid=0x0:0x46f6e5d8d994670b,
perumahan,perumahan,Napua,"Distrik Silo Karno Doga, Kabupaten Jayawijaya, Papua","Kabupaten Jayawijaya, Papua",PAPUA,,Indonesia,,,,-4.139.337,1.388.699.303,https://maps.google.com/?cid=0x0:0x973eee5abafe03a8,
perumahan,Pembangunan Perumahan,Welco,"VW64+CJX, Walesi, Distrik Silo Karno Doga, Kabupaten Jayawijaya, Papua 99511","Walesi, Distrik Silo Karno Doga, Kabupaten Jayawijaya",PAPUA,99511.0,Indonesia,,,,-41.388.754,1.389.065.982,https://maps.google.com/?cid=0x0:0xebbca37477ea1f3f,
perumahan,Komplek perumahan,Rumah Pastoran Welesi,"VW64+6XM, Walesi, Distrik Asolokobal, Kabupaten Jayawijaya, Papua 99511","Walesi, Distrik Asolokobal, Kabupaten Jayawijaya",PAPUA,99511.0,Indonesia,81343446618.0,,,-41.386.771,1.389.067.635,https://maps.google.com/?cid=0x0:0x28df5002d2867a4d,
perumahan,perumahan,Istana Bapak Muhammad Yelipele,"VW69+GQ7, Sinata, Distrik Asolokobal, Kabupaten Jayawijaya, Papua 99511","Sinata, Distrik Asolokobal, Kabupaten Jayawijaya",PAPUA,99511.0,Indonesia,,,,-41.389.821,1.389.197.005,https://maps.google.com/?cid=0x0:0xe238636cac26fb1a,
perumahan,Bumi perkemahan,Honai,"VW56+8JX, Walesi, Distrik Asolokobal, Kabupaten Jayawijaya, Papua 99511","Walesi, Distrik Asolokobal, Kabupaten Jayawijaya",PAPUA,99511.0,Indonesia,,,,-41.416.292,1.389.116.234,https://maps.google.com/?cid=0x0:0x47a25319e3fe0f1c,
perumahan,Perhimpunan Pengembang Perumahan,Pak Kalolik pu rumah,"VVW6+CCX, Wililimo, Kec. Hubikosi, Kabupaten Jayawijaya, Papua 99511","Wililimo, Kec. Hubikosi, Kabupaten Jayawijaya",PAPUA,99511.0,Indonesia,,,,-41.038.901,1.388.610.962,https://maps.google.com/?cid=0x0:0x793fd06e97ef067f,
perumahan,Komplek perumahan,King Dolinggu,"VWJ8+585, Hurekama, Distrik Wamena, Kabupaten Jayawijaya, Papua","Kabupaten Jayawijaya, Papua",PAPUA,,Indonesia,,,,-41.196.066,1.389.158.592,https://maps.google.com/?cid=0x0:0x697f89d7db92da02,
perumahan,Komplek perumahan,Eklesia,"VWM3+VJ, Hurekama, Distrik Silo Karno Doga, Kabupaten Jayawijaya, Papua","Kabupaten Jayawijaya, Papua",PAPUA,,Indonesia,,,,-41.205.627,1.389.020.257,https://maps.google.com/?cid=0x0:0xf2b8374ca9ec11ac,
perumahan,Rumah berlibur,Rumah Hawilla,"VWM8+8VR, Hurekama, Distrik Wamena, Kabupaten Jayawijaya, Papua 99511","Hurekama, Distrik Wamena, Kabupaten Jayawijaya",PAPUA,99511.0,Indonesia,,,,-41.166.464,1.389.171.294,https://maps.google.com/?cid=0x0:0xf77c14f4dd419e3a,
perumahan,Pembangunan Perumahan,Distrik Trikora,"VWQ8+9R, Hurekama, Distrik Wamena, Kabupaten Jayawijaya, Papua","Kabupaten Jayawijaya, Papua",PAPUA,,Indonesia,,,,-41.115.517,1.389.170.683,https://maps.google.com/?cid=0x0:0xae11a2dfa8f4769f,
perumahan,Tempat Religius,Rumah Guru,"VW56+MH7, Walesi, Distrik Asolokobal, Kabupaten Jayawijaya, Papua 99511","Walesi, Distrik Asolokobal, Kabupaten Jayawijaya",PAPUA,99511.0,Indonesia,,,,-41.408.365,138.911.414,https://maps.google.com/?cid=0x0:0x7149eb0f1523709e,
perumahan,Pusat Kesehatan Masyarakat,Puskesmas Elekma,"VWM8+CG9, Napua, Distrik Wamena, Kabupaten Jayawijaya, Papua 99511","Napua, Distrik Wamena, Kabupaten Jayawijaya",PAPUA,99511.0,Indonesia,,,,-4.116.327,138.916.064,https://maps.google.com/?cid=0x0:0x1ddc518c771e74f8,
perumahan,perumahan,Walaik,"Distrik Piramid, Kabupaten Jayawijaya, Papua","Kabupaten Jayawijaya, Papua",PAPUA,,Indonesia,,,,-42.075.591,1.388.196.226,https://maps.google.com/?cid=0x0:0x7cd3812b1ffe31d,
perumahan,Komplek perumahan,Distrik walaik Wamena pegunungan tengah,"VV32+X7, Napua, Distrik Silo Karno Doga, Kabupaten Jayawijaya, Papua","Kabupaten Jayawijaya, Papua",PAPUA,,Indonesia,,,,-41.450.568,138.850.705,https://maps.google.com/?cid=0x0:0x5273298ee88bf1be,
perumahan,Pembangunan Perumahan,Welco,"VW64+CJX, Walesi, Distrik Silo Karno Doga, Kabupaten Jayawijaya, Papua 99511","Walesi, Distrik Silo Karno Doga, Kabupaten Jayawijaya",PAPUA,99511.0,Indonesia,,,,-41.388.754,1.389.065.982,https://maps.google.com/?cid=0x0:0xebbca37477ea1f3f,
perumahan,perumahan,Wouma,"Distrik Piramid, Kabupaten Jayawijaya, Papua","Kabupaten Jayawijaya, Papua",PAPUA,,Indonesia,,,,-41.101.953,1.389.429.561,https://maps.google.com/?cid=0x0:0xf8296c55b0c35931,
perumahan,Perusahaan Konstruksi,Perumahan Koramil Sinakma,"VWVJ+WHW, Hurekama, Distrik Wamena, Kabupaten Jayawijaya, Papua 99511","Hurekama, Distrik Wamena, Kabupaten Jayawijaya",PAPUA,99511.0,Indonesia,,,,-4.105.891,1.389.311.934,https://maps.google.com/?cid=0x0:0x9b944dbed46d5a74,
perumahan,Komplek perumahan,Disini,"VWWJ+8C5, Jl. Irian, Hurekama, Distrik Wamena, Kabupaten Jayawijaya, Papua 99511","Jl. Irian, Hurekama, Distrik Wamena, Kabupaten Jayawijaya",PAPUA,99511.0,Indonesia,82116727682.0,,,-41.042.457,1.389.311.248,https://maps.google.com/?cid=0x0:0xbf036543a3485bf5,
perumahan,Komplek perumahan,House of NPagawak,"VXV2+W6Q, Ketimavit, Distrik Wamena, Kabupaten Jayawijaya, Papua 99511","Ketimavit, Distrik Wamena, Kabupaten Jayawijaya",PAPUA,99511.0,Indonesia,,,,-41.042.177,1.389.501.639,https://maps.google.com/?cid=0x0:0xcd339cd025afd796,
perumahan,Komplek perumahan,Rumah Bapa Rohadi (Wamena),"VWXP+FCV, Hurekama, Distrik Wamena, Kabupaten Jayawijaya, Papua","Kabupaten Jayawijaya, Papua",PAPUA,,Indonesia,,,,-41.012.513,1.389.360.599,https://maps.google.com/?cid=0x0:0x756f9e5048fdc31c,
perumahan,Kios,Amulok,"VWWW+99, Wouma, Distrik Piramid, Kabupaten Jayawijaya, Papua 99511","Wouma, Distrik Piramid, Kabupaten Jayawijaya",PAPUA,99511.0,Indonesia,,,,-4.104.019,138.945.906,https://maps.google.com/?cid=0x0:0x590d17f20100b026,
perumahan,Kantor Perusahaan,Kompleks Perumahan BULOG,"WW3X+X9G, Wamena Kota, Distrik Wamena, Kabupaten Jayawijaya, Papua 99511","Wamena Kota, Distrik Wamena, Kabupaten Jayawijaya",PAPUA,99511.0,Indonesia,,,,-40.950.509,138.948.445,https://maps.google.com/?cid=0x0:0xef48d6090d5c733,
perumahan,Komplek perumahan,Kompleks Waklam,"WX34+G3J, Wesaput, Distrik Wamena, Kabupaten Jayawijaya, Papua 99511","Wesaput, Distrik Wamena, Kabupaten Jayawijaya",PAPUA,99511.0,Indonesia,,,,-40.961.734,1.389.551.255,https://maps.google.com/?cid=0x0:0x3469525f37f6f2c2,
perumahan,perumahan,Rumah Ersam,"VWXR+9WX, Jl. Diponegoro, Wamena Kota, Distrik Wamena, Kabupaten Jayawijaya, Papua 99511","Jl. Diponegoro, Wamena Kota, Distrik Wamena, Kabupaten Jayawijaya",PAPUA,99511.0,Indonesia,,,,-41.015.072,1.389.423.584,https://maps.google.com/?cid=0x0:0xeb03d4b2352bb3ef,
perumahan,Gedung Apartemen,Wasmu,"Jl. Gatot Subroto No.63, Ketimavit, Distrik Wamena, Kabupaten Jayawijaya, Papua 99511","Ketimavit, Distrik Wamena, Kabupaten Jayawijaya",PAPUA,99511.0,Indonesia,,,,-41.096.028,1.389.610.206,https://maps.google.com/?cid=0x0:0x9e966adcbd15642,
perumahan,Rumah wisata,Rumah Keluarga Drs. Baharuddin Patoding,"Hurekama, Distrik Wamena, Kabupaten Jayawijaya, Papua 99511","Distrik Wamena, Kabupaten Jayawijaya",PAPUA,99511.0,Indonesia,,,,-41.030.518,1.389.372.515,https://maps.google.com/?cid=0x0:0x67c08e120c85d486,
perumahan,perumahan,Rumah Fara,"VWXX+PJF, Jl. DI Panjaitan, Wamena Kota, Distrik Wamena, Kabupaten Jayawijaya, Papua 99511","Jl. DI Panjaitan, Wamena Kota, Distrik Wamena, Kabupaten Jayawijaya",PAPUA,99511.0,Indonesia,,,,-41.006.945,1.389.490.592,https://maps.google.com/?cid=0x0:0x3dfc1ca5c69a04c2,
perumahan,Komplek perumahan,Lambra,"WX33+3VJ, Jl. Way Saee, Wamena Kota, Distrik Wamena, Kabupaten Jayawijaya, Papua 99511","Jl. Way Saee, Wamena Kota, Distrik Wamena, Kabupaten Jayawijaya",PAPUA,99511.0,Indonesia,,,,-40.972.924,1.389.546.261,https://maps.google.com/?cid=0x0:0x8380770854468dcc,
perumahan,Perhimpunan Pengembang Perumahan,WAMENA CITY,"Jl. Trikora No.74, Wamena Kota, Distrik Wamena, Kabupaten Jayawijaya, Papua 99511","Wamena Kota, Distrik Wamena, Kabupaten Jayawijaya",PAPUA,99511.0,Indonesia,,,,-40.979.993,1.389.426.291,https://maps.google.com/?cid=0x0:0x849582993ba222c6,
perumahan,Komplek perumahan,AWENDU RUMAH,"VWXX+P4X, Wamena Kota, Distrik Wamena, Kabupaten Jayawijaya, Papua 99511","Wamena Kota, Distrik Wamena, Kabupaten Jayawijaya",PAPUA,99511.0,Indonesia,,,,-41.005.915,1.389.478.213,https://maps.google.com/?cid=0x0:0x291cf0d0e54feb12,
perumahan,Galeri Seni,Rumah Kogonggu,"WW2J+FJV, Honelama, Distrik Wamena, Kabupaten Jayawijaya, Papua 99511","Honelama, Distrik Wamena, Kabupaten Jayawijaya",PAPUA,99511.0,Indonesia,,,,-40.987.685,1.389.315.417,https://maps.google.com/?cid=0x0:0x455fb99335389a02,
perumahan,Komplek perumahan,TANAH KOSONG 1,"WW4R+XQP, Wamena Kota, Distrik Wamena, Kabupaten Jayawijaya, Papua 99511","Wamena Kota, Distrik Wamena, Kabupaten Jayawijaya",PAPUA,99511.0,Indonesia,,,,-40.925.447,1.389.419.674,https://maps.google.com/?cid=0x0:0x98f01669e80ec8b,
perumahan,Perhimpunan Pengembang Perumahan,Perumahan Dinas Pertanahan Wamena,"Jl. Diponegoro No.10, Wamena Kota, Distrik Wamena, Kabupaten Jayawijaya, Papua 99511","Wamena Kota, Distrik Wamena, Kabupaten Jayawijaya",PAPUA,99511.0,Indonesia,96931355.0,,,-40.986.126,1.389.463.732,https://maps.google.com/?cid=0x0:0xf6ad7af53d2f632d,
perumahan,Sekolah,Lorong Argentina Komplex YPK,"WW2Q+WJF, Hurekama, Distrik Wamena, Kabupaten Jayawijaya, Papua 99511","Hurekama, Distrik Wamena, Kabupaten Jayawijaya",PAPUA,99511.0,Indonesia,,,,-4.097.691,1.389.390.426,https://maps.google.com/?cid=0x0:0x705b385db2ab4c96,
perumahan,Pembangunan Perumahan,Komp Gatason (GTS),"VXX2+F4X, Wamena Kota, Distrik Wamena, Kabupaten Jayawijaya, Papua 99511","Wamena Kota, Distrik Wamena, Kabupaten Jayawijaya",PAPUA,99511.0,Indonesia,,,,-41.012.606,1.389.503.663,https://maps.google.com/?cid=0x0:0x7fbb74d4522d4001,
perumahan,Komplek perumahan,Binom Regency Balingga,"Jln. Kehutanan Kompleks Gunambur Sinakma, Hurekama, Distrik Wamena, Kabupaten Jayawijaya, Papua 99511","Hurekama, Distrik Wamena, Kabupaten Jayawijaya",PAPUA,99511.0,Indonesia,81340723395.0,,,-41.076.293,1.389.332.885,https://maps.google.com/?cid=0x0:0x66fbf59f061bd823,
perumahan,Komplek perumahan,DSG,"VWWG+7R, Hurekama, Distrik Wamena, Kabupaten Jayawijaya, Papua","Kabupaten Jayawijaya, Papua",PAPUA,,Indonesia,82113574052.0,,,-4.104.343,138.927.108,https://maps.google.com/?cid=0x0:0x2ee62cc3d45bccc7,
perumahan,Komplek perumahan,"RUMAH WIWEN, DAVID HALUK","VWPC+6H, Hurekama, Distrik Wamena, Kabupaten Jayawijaya, Papua","Kabupaten Jayawijaya, Papua",PAPUA,,Indonesia,,,,-4.114.125,1.389.208.334,https://maps.google.com/?cid=0x0:0x8a3787821c0bd603,
perumahan,perumahan,Hubikiak,"Distrik Bugi, Kabupaten Jayawijaya, Papua","Kabupaten Jayawijaya, Papua",PAPUA,,Indonesia,,,,-40.583.185,1.389.051.723,https://maps.google.com/?cid=0x0:0x3b91911fb23f35d6,
perumahan,Pembangunan Perumahan,Rumah Soleman Ikinia,"XV4X+C8V, Hubikiak, Kec. Hubikosi, Kabupaten Jayawijaya, Papua 99566","Hubikiak, Kec. Hubikosi, Kabupaten Jayawijaya",PAPUA,99566.0,Indonesia,,,,-40.438.786,1.388.983.048,https://maps.google.com/?cid=0x0:0x205e3d0b86eacdfc,
perumahan,Komplek perumahan,Perumahan Honai Sehat 2 Pikhe Wamena,"WWPP+7H6, Hetuma, Distrik Wamena, Kabupaten Jayawijaya, Papua 99566","Hetuma, Distrik Wamena, Kabupaten Jayawijaya",PAPUA,99566.0,Indonesia,,,,-40.643.288,1.389.363.979,https://maps.google.com/?cid=0x0:0x124406bec9b5ec45,
perumahan,Pembangunan Perumahan,Soyma akorem welagorek,"XV5V+HP, Hubikiak, Kec. Hubikosi, Kabupaten Jayawijaya, Papua 99566","Hubikiak, Kec. Hubikosi, Kabupaten Jayawijaya",PAPUA,99566.0,Indonesia,,,,-4.041.097,138.894.359,https://maps.google.com/?cid=0x0:0xe45a3bd3c9c91b27,
perumahan,perumahan,Firkos,"XV6R+5RH, Kosihilapok, Kec. Hubikosi, Kabupaten Jayawijaya, Papua 99566","Kosihilapok, Kec. Hubikosi, Kabupaten Jayawijaya",PAPUA,99566.0,Indonesia,,,,-40.395.602,1.388.921.177,https://maps.google.com/?cid=0x0:0x1dc8ed53950db8b9,
perumahan,Pembangunan Perumahan,Kampung Yiluak,"WVVM+MQG, Kampung Yiluak, Meagama, Kec. Hubikosi, Kabupaten Jayawijaya, Papua 99566","Kampung Yiluak, Meagama, Kec. Hubikosi, Kabupaten Jayawijaya",PAPUA,99566.0,Indonesia,,,,-40.558.071,1.388.844.552,https://maps.google.com/?cid=0x0:0x495e94ed07bf1556,
perumahan,perumahan,El kian,"WWGM+P7, Hetuma, Distrik Bugi, Kabupaten Jayawijaya, Papua","Kabupaten Jayawijaya, Papua",PAPUA,,Indonesia,,,,-4.073.156,138.933.917,https://maps.google.com/?cid=0x0:0x20c196b24fd3f47b,
perumahan,Komplek perumahan,Rumah kos Olala,"WWGM+9VM, Hubikiak, Distrik Bugi, Kabupaten Jayawijaya, Papua","Kabupaten Jayawijaya, Papua",PAPUA,,Indonesia,,,,-40.740.325,1.389.346.622,https://maps.google.com/?cid=0x0:0x51597b228242bc1b,
perumahan,Komplek perumahan,Base PGS Saja,"WW85+F4W, Gunung Susu, Distrik Wamena, Kabupaten Jayawijaya, Papua 99511","Gunung Susu, Distrik Wamena, Kabupaten Jayawijaya",PAPUA,99511.0,Indonesia,,,,-4.083.774,1.389.078.426,https://maps.google.com/?cid=0x0:0x3826514409c402b2,
perumahan,Komplek perumahan,Panorama Street,"WWMJ+VW3, Panorama, pike, Kabupaten Jayawijaya, Papua 99566","Panorama, pike, Kabupaten Jayawijaya",PAPUA,99566.0,Indonesia,,,,-40.653.705,1.389.322.976,https://maps.google.com/?cid=0x0:0xbeb06883ed190f0f,
perumahan,perumahan,Rumah Makan Anagata,"Jl. Hom-Hom, Hetuma, Distrik Wamena, Kabupaten Jayawijaya, Papua 99511","Hetuma, Distrik Wamena, Kabupaten Jayawijaya",PAPUA,99511.0,Indonesia,81240711272.0,,,-4.079.163,1.389.357.204,https://maps.google.com/?cid=0x0:0x6844a6f1f0cc4260,
perumahan,Perhimpunan Pengembang Perumahan,BTN MUAI,"WWGH+JP9, Honelama, Distrik Wamena, Kabupaten Jayawijaya, Papua 99511","Honelama, Distrik Wamena, Kabupaten Jayawijaya",PAPUA,99511.0,Indonesia,,,,-40.734.511,1.389.293.648,https://maps.google.com/?cid=0x0:0x3982696be32da9d2,
perumahan,Komplek perumahan,"Pikhe, kecamatan pisugi kampung pikhe","WWXP+4GG, Jl. Pikhe, Okoloma, Distrik Pisugi, Kabupaten Jayawijaya, Papua 99566","Jl. Pikhe, Okoloma, Distrik Pisugi, Kabupaten Jayawijaya",PAPUA,99566.0,Indonesia,,,,-40.522.733,1.389.364.157,https://maps.google.com/?cid=0x0:0x58b106aaafad5c20,
perumahan,perumahan,Keluarga Walela,"WWHG+P8J, Jl. Ke Muai, Honelama, Distrik Wamena, Kabupaten Jayawijaya, Papua","Kabupaten Jayawijaya, Papua",PAPUA,,Indonesia,,,,-40.706.731,1.389.257.636,https://maps.google.com/?cid=0x0:0x5065f167a2616d3d,
perumahan,Gereja,Gereja GKI Efata Musyaima,"WWF8+G68, Unnamed Road, Hubikiak, Kec. Hubikosi, Kabupaten Jayawijaya, Papua 99566","Unnamed Road, Hubikiak, Kec. Hubikosi, Kabupaten Jayawijaya",PAPUA,99566.0,Indonesia,,,,-40.762.191,1.389.155.759,https://maps.google.com/?cid=0x0:0xc4d05612bfa46cdf,
perumahan,Pembangunan Perumahan,Johanes Lobya,"WWWP+PW6 Rumah Guru, SD YPPK BUNDA MARIA PIKHE, Jl. Trans Wamena, Okoloma, Kec. Kurulu, Kabupaten Jayawijaya, Papua 99566","SD YPPK BUNDA MARIA PIKHE, Jl. Trans Wamena, Okoloma, Kec. Kurulu, Kabupaten Jayawijaya",PAPUA,99566.0,Indonesia,,,,-40.532.233,1.389.372.767,https://maps.google.com/?cid=0x0:0x98a3cb120729e20a,
perumahan,Galeri Seni,Karogime gelok muara,"WWMH+3JR, Jl.Hom-hom, karogime, Distrik Wamena, Kabupaten Jayawijaya, Papua","Kabupaten Jayawijaya, Papua",PAPUA,,Indonesia,,,,-40.672.683,1.389.290.249,https://maps.google.com/?cid=0x0:0x5c2e084d6003ce4,
perumahan,Komplek perumahan,MOAI,"XV4X+C8V, Hubikiak, Kec. Hubikosi, Kabupaten Jayawijaya, Papua 99566","Hubikiak, Kec. Hubikosi, Kabupaten Jayawijaya",PAPUA,99566.0,Indonesia,,,,-40.433.455,1.388.981.989,https://maps.google.com/?cid=0x0:0x930c19e599464426,
perumahan,Komplek perumahan,Soyma moay,"XV5V+GP5, Hubikiak, Kec. Hubikosi, Kabupaten Jayawijaya, Papua","Kabupaten Jayawijaya, Papua",PAPUA,,Indonesia,,,,-40.412.262,1.388.943.734,https://maps.google.com/?cid=0x0:0x8932b34c5c82290a,
perumahan,perumahan,KPR MUAI,"WWHG+P8J, Jl. Ke Muai, Honelama, Distrik Wamena, Kabupaten Jayawijaya, Papua","Kabupaten Jayawijaya, Papua",PAPUA,,Indonesia,,,,-40.706.731,1.389.257.636,https://maps.google.com/?cid=0x0:0x4cd7f3442f06b48f,
perumahan,Perhimpunan Pengembang Perumahan,Rumah indah wanimbonak,"XV2M+2G, Hubikiak, Kec. Hubikosi, Kabupaten Jayawijaya, Papua","Kabupaten Jayawijaya, Papua",PAPUA,,Indonesia,,,,-40.499.688,1.388.838.138,https://maps.google.com/?cid=0x0:0x3a412860d823736b,
perumahan,Pembangunan Perumahan,KPR Muai Wamena,"WWPC+7H, Hetuma, Distrik Bugi, Kabupaten Jayawijaya, Papua","Kabupaten Jayawijaya, Papua",PAPUA,,Indonesia,,,,-40.643.311,1.389.214.558,https://maps.google.com/?cid=0x0:0xf35be76b5b39ec7c,
perumahan,Perhimpunan Pengembang Perumahan,Kampung Holaliba,"WQXV+CQ5, Jl, Ibele, Distrik Bpiri, Kabupaten Jayawijaya, Papua 99566","Jl, Ibele, Distrik Bpiri, Kabupaten Jayawijaya",PAPUA,99566.0,Indonesia,,,,-40.514.956,1.387.944.857,https://maps.google.com/?cid=0x0:0xcc838a1924b03b71,
perumahan,perumahan,Ibele,"Distrik Bpiri, Kabupaten Jayawijaya, Papua","Kabupaten Jayawijaya, Papua",PAPUA,,Indonesia,,,,-40.514.956,1.387.944.857,https://maps.google.com/?cid=0x0:0xf5efd5b46ca00b6f,
perumahan,Tempat Ibadah,GKII Daerah Ibele,"XQXX+RRC, Miliama, Distrik Asologaima, Kabupaten Jayawijaya, Papua","Kabupaten Jayawijaya, Papua",PAPUA,,Indonesia,,,,-40.004.481,1.387.995.122,https://maps.google.com/?cid=0x0:0x4fa97e11a7693b94,
perumahan,Kantor Pemerintah,Kantor Distrik 6,"WQXV+CQ5, Ibele, Kec. Pelebaga, Kabupaten Jayawijaya, Papua","Kabupaten Jayawijaya, Papua",PAPUA,,Indonesia,,,,-40.514.956,1.387.944.857,https://maps.google.com/?cid=0x0:0xa58afa031374180a,
perumahan,Pembangunan Perumahan,Kampung Yabenda Distrik Koragi,"WQXR+JR9, Ibele, Distrik Bpiri, Kabupaten Jayawijaya, Papua","Kabupaten Jayawijaya, Papua",PAPUA,,Indonesia,,,,-40.509.708,1.387.921.043,https://maps.google.com/?cid=0x0:0xe39a96c6fc7831a3,
perumahan,Rumah Sakit,PUSKEMAS IBELE,"WQXV+4G6, Ibele, Distrik Bpiri, Kabupaten Jayawijaya, Papua 99566","Ibele, Distrik Bpiri, Kabupaten Jayawijaya",PAPUA,99566.0,Indonesia,,,,-40.522.122,1.387.937.583,https://maps.google.com/?cid=0x0:0x14780d24f17205e2,
perumahan,perumahan,Papua 99566,"Kabupaten Jayawijaya, Papua","Kabupaten Jayawijaya, Papua",PAPUA,,Indonesia,,,,-40.345.142,1.388.397.403,https://maps.google.com/?cid=0x0:0xfd2ab8c9415b77fe,
perumahan,perumahan,Papua 99511,"Kabupaten Jayawijaya, Papua","Kabupaten Jayawijaya, Papua",PAPUA,,Indonesia,,,,-41.714.095,1.390.009.403,https://maps.google.com/?cid=0x0:0x46f6e5d8d994670b,
perumahan,perumahan,"Anchorage, Alaska 99511","Anchorage, Alaska, Amerika Serikat","Anchorage, Alaska, Amerika Serikat",PAPUA,,Indonesia,,,,61.11,-1.498.599.999,https://maps.google.com/?cid=0x0:0x61d47a18396e02e5,
perumahan,perumahan,Kec. Tebet,"Kota Jakarta Selatan, Daerah Khusus Ibukota Jakarta","Kota Jakarta Selatan, Daerah Khusus Ibukota Jakarta",PAPUA,,Indonesia,,,,-62.251.223,1.068.549.881,https://maps.google.com/?cid=0x0:0xd575e31c807295f9,
perumahan,perumahan,Siepkosi,"Distrik Wame, Kabupaten Jayawijaya, Papua","Kabupaten Jayawijaya, Papua",PAPUA,,Indonesia,,,,-40.724.511,1.390.059.852,https://maps.google.com/?cid=0x0:0x439654a319ac022c,
perumahan,perumahan,Istana,"WXQX+3P, Siepkosi, Distrik Wame, Kabupaten Jayawijaya, Papua","Kabupaten Jayawijaya, Papua",PAPUA,,Indonesia,85219584214.0,,,-40.624.275,1.389.993.696,https://maps.google.com/?cid=0x0:0x3f33df2141f4a9cd,
perumahan,Komplek perumahan,Dusun mulia,"WXFP+G7C, Siepkosi, Distrik Walelagama, Kabupaten Jayawijaya, Papua","Kabupaten Jayawijaya, Papua",PAPUA,,Indonesia,,,,-40.761.827,1.389.856.543,https://maps.google.com/?cid=0x0:0x4cf9cc81868f2adc,
perumahan,Pembangunan Perumahan,harkultak emenogo ke nen,"WX7V+RQ7, Walelagama, Distrik Walelagama, Kabupaten Jayawijaya, Papua","Kabupaten Jayawijaya, Papua",PAPUA,,Indonesia,,,,-40.850.228,1.389.955.716,https://maps.google.com/?cid=0x0:0x7e13d11e1c19d269,
perumahan,Perhimpunan Pengembang Perumahan,Dusun Yabekena,"WX6V+RF, Pugima, Distrik Walelagama, Kabupaten Jayawijaya, Papua","Kabupaten Jayawijaya, Papua",PAPUA,,Indonesia,,,,-4.087.926,1.389.937.251,https://maps.google.com/?cid=0x0:0x4eaeeee902cee53c,
perumahan,perumahan,Papua 99511,"Kabupaten Jayawijaya, Papua","Kabupaten Jayawijaya, Papua",PAPUA,,Indonesia,,,,-41.714.095,1.390.009.403,https://maps.google.com/?cid=0x0:0x46f6e5d8d994670b,
perumahan,perumahan,Usilimo,"Distrik Wesaput, Kabupaten Jayawijaya, Papua","Kabupaten Jayawijaya, Papua",PAPUA,,Indonesia,,,,-39.275.897,1.388.674.138,https://maps.google.com/?cid=0x0:0xae3020775851e088,
perumahan,Komplek perumahan,Usilimo,"3VC8+XX7, Usilimo, Distrik Wesaput, Kabupaten Jayawijaya, Papua","Kabupaten Jayawijaya, Papua",PAPUA,,Indonesia,,,,-39.275.897,1.388.674.138,https://maps.google.com/?cid=0x0:0xadafa46c84b35939,
perumahan,Komplek perumahan,Desa Alona,"3VM6+JQM, Usilimo - Karubaga, Usilimo, Distrik Wesaput, Kabupaten Jayawijaya, Papua","Kabupaten Jayawijaya, Papua",PAPUA,,Indonesia,,,,-39.159.119,1.388.619.355,https://maps.google.com/?cid=0x0:0xfe2c26171da7d2f8,
perumahan,perumahan,Distrik Wita Waya,"Tulem, Kabupaten Jayawijaya, Papua","Kabupaten Jayawijaya, Papua",PAPUA,,Indonesia,,,,-40.312.588,1.389.118.188,https://maps.google.com/?cid=0x0:0xd03ef0f5221bf3e,
perumahan,Pembangunan Perumahan,Rumah Soleman Ikinia,"XV4X+C8V, Hubikiak, Kec. Hubikosi, Kabupaten Jayawijaya, Papua 99566","Hubikiak, Kec. Hubikosi, Kabupaten Jayawijaya",PAPUA,99566.0,Indonesia,,,,-40.438.786,1.388.983.048,https://maps.google.com/?cid=0x0:0x205e3d0b86eacdfc,
perumahan,Komplek perumahan,Maria marian,"XWJ3+F5J, Tulem, Distrik Wita Waya, Kabupaten Jayawijaya, Papua 99566","Tulem, Distrik Wita Waya, Kabupaten Jayawijaya",PAPUA,99566.0,Indonesia,82221246823.0,,,-40.184.527,1.389.034.215,https://maps.google.com/?cid=0x0:0xde5c502010cec3d,
perumahan,Musala,Simirna Alula,"XWMF+99W, Tulem, Distrik Wita Waya, Kabupaten Jayawijaya, Papua 99566","Tulem, Distrik Wita Waya, Kabupaten Jayawijaya",PAPUA,99566.0,Indonesia,,,,-40.165.038,1.389.234.586,https://maps.google.com/?cid=0x0:0xc9336dd54cb3bd7,
perumahan,Pembangunan Perumahan,Soyma akorem welagorek,"XV5V+HP, Hubikiak, Kec. Hubikosi, Kabupaten Jayawijaya, Papua 99566","Hubikiak, Kec. Hubikosi, Kabupaten Jayawijaya",PAPUA,99566.0,Indonesia,,,,-4.041.097,138.894.359,https://maps.google.com/?cid=0x0:0xe45a3bd3c9c91b27,
perumahan,Komplek perumahan,Tumaqonem wemake,"XXM4+23, Mulima, Kec. Kurulu, Kabupaten Jayawijaya, Papua","Kabupaten Jayawijaya, Papua",PAPUA,,Indonesia,,,,-40.174.122,1.389.552.474,https://maps.google.com/?cid=0x0:0xf215ffbb8b9c61bc,
perumahan,Komplek perumahan,Soyma moay,"XV5V+GP5, Hubikiak, Kec. Hubikosi, Kabupaten Jayawijaya, Papua","Kabupaten Jayawijaya, Papua",PAPUA,,Indonesia,,,,-40.412.262,1.388.943.734,https://maps.google.com/?cid=0x0:0x8932b34c5c82290a,
perumahan,perumahan,Yikwanakpison,"XXH3+M5, Aikima, Distrik Pisugi, Kabupaten Jayawijaya, Papua","Kabupaten Jayawijaya, Papua",PAPUA,,Indonesia,,,,-4.020.797,138.952.893,https://maps.google.com/?cid=0x0:0xe931d65f54d943fd,
perumahan,Rumah Kayu,Moai City,"XV6R+8W6, Kosihilapok, Kec. Hubikosi, Kabupaten Jayawijaya, Papua","Kabupaten Jayawijaya, Papua",PAPUA,,Indonesia,,,,-40.392.218,1.388.922.651,https://maps.google.com/?cid=0x0:0xcf1484540cb1a06f,
perumahan,Komplek perumahan,Tikilmo,"XXF5+QQ, Aikima, Distrik Pisugi, Kabupaten Jayawijaya, Papua","Kabupaten Jayawijaya, Papua",PAPUA,,Indonesia,,,,-40.256.236,1.389.594.927,https://maps.google.com/?cid=0x0:0xcb3bd3e47288d2f5,
perumahan,Komplek perumahan,Saikqapma,"XXF4+WQ, Aikima, Distrik Pisugi, Kabupaten Jayawijaya, Papua","Kabupaten Jayawijaya, Papua",PAPUA,,Indonesia,,,,-4.025.248,1.389.569.278,https://maps.google.com/?cid=0x0:0x4c18a1573ae10fae,
perumahan,perumahan,Papua 99552,"Kabupaten Yalimo, Papua","Kabupaten Yalimo, Papua",PAPUA,,Indonesia,,,,-39.273.287,1.391.625.989,https://maps.google.com/?cid=0x0:0xdaa4656d57150b87,
perumahan,perumahan,Wadangku,"Distrik Wadangku, Kabupaten Jayawijaya, Papua","Kabupaten Jayawijaya, Papua",PAPUA,,Indonesia,,,,-39.275.208,1.389.656.385,https://maps.google.com/?cid=0x0:0xd6e2fbf8c1f798e9,
perumahan,perumahan,Distrik Wadangku,"Wadangku, Kabupaten Jayawijaya, Papua","Kabupaten Jayawijaya, Papua",PAPUA,,Indonesia,,,,-39.241.388,1.389.665.477,https://maps.google.com/?cid=0x0:0x6a95e997e1aede3a,
perumahan,Kantor Perusahaan,Perumahan Waibu Permai,"Doyo Lama, Distrik Waibu, Kabupaten Jayapura, Papua 99352","Distrik Waibu, Kabupaten Jayapura",PAPUA,99352.0,Indonesia,81248308516.0,,,-25.628.674,1.404.687.516,https://maps.google.com/?cid=0x0:0x1e2918e65fdc95f0,
perumahan,Pembangunan Perumahan,Blok AFP Perumahan Waibu Permai,"CFP9+H52, Doyo Lama, Distrik Waibu, Kabupaten Jayapura, Papua 99352","Doyo Lama, Distrik Waibu, Kabupaten Jayapura",PAPUA,99352.0,Indonesia,,,,-25.645.796,1.404.689.159,https://maps.google.com/?cid=0x0:0xedef260a6f9bfa5c,
perumahan,perumahan,Distrik Pisugi,"Kabupaten Jayawijaya, Papua","Kabupaten Jayawijaya, Papua",PAPUA,,Indonesia,,,,-40.391.877,1.389.551.439,https://maps.google.com/?cid=0x0:0xe3167ab60a66e191,
perumahan,Komplek perumahan,Punaima,"XXCC+5W, Aikima, Distrik Pisugi, Kabupaten Jayawijaya, Papua","Kabupaten Jayawijaya, Papua",PAPUA,,Indonesia,,,,-40.296.166,138.972.363,https://maps.google.com/?cid=0x0:0xfee2ccf541df69c6,
perumahan,Komplek perumahan,Pawuma,"XX9C+4H, Aikima, Distrik Pisugi, Kabupaten Jayawijaya, Papua","Kabupaten Jayawijaya, Papua",PAPUA,,Indonesia,,,,-40.322.289,1.389.714.128,https://maps.google.com/?cid=0x0:0xaf93e6eaf9d8fbef,
perumahan,perumahan,Yikwanakpison,"XXH3+M5, Aikima, Distrik Pisugi, Kabupaten Jayawijaya, Papua","Kabupaten Jayawijaya, Papua",PAPUA,,Indonesia,,,,-4.020.797,138.952.893,https://maps.google.com/?cid=0x0:0xe931d65f54d943fd,
perumahan,Pembangunan Perumahan,"Perumahan Subsidi MUAI PERMATA""""","Hetuma, Distrik Bugi, Kabupaten Jayawijaya, Papua 99566","Distrik Bugi, Kabupaten Jayawijaya",PAPUA,99566.0,Indonesia,82199105881.0,,,-40.645.518,1.389.215.944,https://maps.google.com/?cid=0x0:0xc519d261a7a675e7,
perumahan,Komplek perumahan,"Pikhe, kecamatan pisugi kampung pikhe","WWXP+4GG, Jl. Pikhe, Okoloma, Distrik Pisugi, Kabupaten Jayawijaya, Papua 99566","Jl. Pikhe, Okoloma, Distrik Pisugi, Kabupaten Jayawijaya",PAPUA,99566.0,Indonesia,,,,-40.522.733,1.389.364.157,https://maps.google.com/?cid=0x0:0x58b106aaafad5c20,
perumahan,perumahan,Istana,"WXQX+3P, Siepkosi, Distrik Wame, Kabupaten Jayawijaya, Papua","Kabupaten Jayawijaya, Papua",PAPUA,,Indonesia,85219584214.0,,,-40.624.275,1.389.993.696,https://maps.google.com/?cid=0x0:0x3f33df2141f4a9cd,
perumahan,Komplek perumahan,Saikqapma,"XXF4+WQ, Aikima, Distrik Pisugi, Kabupaten Jayawijaya, Papua","Kabupaten Jayawijaya, Papua",PAPUA,,Indonesia,,,,-4.025.248,1.389.569.278,https://maps.google.com/?cid=0x0:0x4c18a1573ae10fae,
perumahan,Komplek perumahan,Obyek Wisata Kumugima,"XXCC+R6, Aikima, Distrik Pisugi, Kabupaten Jayawijaya, Papua","Kabupaten Jayawijaya, Papua",PAPUA,,Indonesia,,,,-40.279.885,13.897.053,https://maps.google.com/?cid=0x0:0xb1baa35ced45c5ed,
perumahan,Komplek perumahan,Perumahan Honai Sehat 2 Pikhe Wamena,"WWPP+7H6, Hetuma, Distrik Wamena, Kabupaten Jayawijaya, Papua 99566","Hetuma, Distrik Wamena, Kabupaten Jayawijaya",PAPUA,99566.0,Indonesia,,,,-40.643.288,1.389.363.979,https://maps.google.com/?cid=0x0:0x124406bec9b5ec45,
perumahan,Komplek perumahan,Nooima,"XXJ8+M5, Mulima, Kec. Kurulu, Kabupaten Jayawijaya, Papua","Kabupaten Jayawijaya, Papua",PAPUA,,Indonesia,,,,-40.183.008,138.965.416,https://maps.google.com/?cid=0x0:0x10a5b20e6aa28738,
perumahan,Komplek perumahan,Husaqal abila,"XXJ6+R8, Mulima, Kec. Kurulu, Kabupaten Jayawijaya, Papua","Kabupaten Jayawijaya, Papua",PAPUA,,Indonesia,,,,-40.178.934,1.389.608.479,https://maps.google.com/?cid=0x0:0x170a0ba63e8ffa1a,
perumahan,Kios,Dulla,"XXQ6+H5, Mulima, Kec. Kurulu, Kabupaten Jayawijaya, Papua","Kabupaten Jayawijaya, Papua",PAPUA,,Indonesia,,,,-40.110.652,138.960.403,https://maps.google.com/?cid=0x0:0xf992619d76b0f5b5,
perumahan,Komplek perumahan,Tetoqima,"XXM6+7W, Mulima, Kec. Kurulu, Kabupaten Jayawijaya, Papua","Kabupaten Jayawijaya, Papua",PAPUA,,Indonesia,,,,-40.154.693,1.389.624.753,https://maps.google.com/?cid=0x0:0x28a03d7a2230fca8,
perumahan,Komplek perumahan,Honabila,"XXM6+7W, Mulima, Kec. Kurulu, Kabupaten Jayawijaya, Papua","Kabupaten Jayawijaya, Papua",PAPUA,,Indonesia,,,,-40.167.637,1.389.622.785,https://maps.google.com/?cid=0x0:0xb2bcba118d71c86f,
perumahan,Komplek perumahan,Yakiqima,"XXQ7+2V, Mulima, Kec. Kurulu, Kabupaten Jayawijaya, Papua","Kabupaten Jayawijaya, Papua",PAPUA,,Indonesia,,,,-40.124.448,1.389.646.153,https://maps.google.com/?cid=0x0:0x4016f565f4024db3,
perumahan,Pusat Kesehatan Masyarakat,Puskesmas pisugi,"XX22+4MX, Okoloma, Distrik Pisugi, Kabupaten Jayawijaya, Papua 99566","Okoloma, Distrik Pisugi, Kabupaten Jayawijaya",PAPUA,99566.0,Indonesia,,,,-40.496.262,138.951.733,https://maps.google.com/?cid=0x0:0xb04eb5d32c9d221c,
perumahan,Pembangunan Perumahan,Pikhe,"WWXR+M92, Jl trans pikhe, nalima, Kec. Kurulu, Kabupaten Jayawijaya, Papua","Kabupaten Jayawijaya, Papua",PAPUA,,Indonesia,,,,-40.508.662,1.389.408.791,https://maps.google.com/?cid=0x0:0x9b8c84f06561ef06,
perumahan,Komplek perumahan,Humuaqima,"XXV6+MC, Mulima, Kec. Kurulu, Kabupaten Jayawijaya, Papua","Kabupaten Jayawijaya, Papua",PAPUA,,Indonesia,,,,-40.058.437,1.389.610.249,https://maps.google.com/?cid=0x0:0xfd2feb74d8e04016,
perumahan,Pembangunan Perumahan,GNPK SINAPUK WAMENA,"WW6R+QP4, Jl. Hom-Hom, Kama, Distrik Wamena, Kabupaten Jayawijaya, Papua 99511","Jl. Hom-Hom, Kama, Distrik Wamena, Kabupaten Jayawijaya",PAPUA,99511.0,Indonesia,81247645647.0,,,-40.881.111,1.389.418.266,https://maps.google.com/?cid=0x0:0xe4b23ea437d113d9,
perumahan,perumahan,Papua 99552,"Kabupaten Yalimo, Papua","Kabupaten Yalimo, Papua",PAPUA,,Indonesia,,,,-39.273.287,1.391.625.989,https://maps.google.com/?cid=0x0:0xdaa4656d57150b87,
perumahan,Komplek perumahan,kp jagawana,"Q564+4R9, Gg. H Beta, Sukarukun, Kec. Sukatani, Kabupaten Bekasi, Jawa Barat 17630","Gg. H Beta, Sukarukun, Kec. Sukatani, Kabupaten Bekasi",PAPUA,17630.0,Indonesia,,,,-62.397.067,1.071.571.001,https://maps.google.com/?cid=0x0:0x8bdbe39d7371b99,
perumahan,perumahan,Papua 99557,"Kabupaten Mamberamo Tengah, Papua","Kabupaten Mamberamo Tengah, Papua",PAPUA,,Indonesia,,,,-37.408.827,1.389.404.364,https://maps.google.com/?cid=0x0:0xb128d87fca34f08d,
perumahan,Rumah singgah,Jagawana,"Q565+X2J, Sukarukun, Kec. Sukatani, Kabupaten Bekasi, Jawa Barat 17630","Sukarukun, Kec. Sukatani, Kabupaten Bekasi",PAPUA,17630.0,Indonesia,,,,-62.375.285,1.071.575.303,https://maps.google.com/?cid=0x0:0x635881e43e306cbc,
perumahan,Pembangunan Perumahan,Distrik Tagime,"5PMH+WMM, Lakwame, Tagime, Kabupaten Jayawijaya, Papua 99555","Lakwame, Tagime, Kabupaten Jayawijaya",PAPUA,99555.0,Indonesia,,,,-38.151.532,1.387.291.822,https://maps.google.com/?cid=0x0:0x61e7465087444a70,
perumahan,Pembangunan Perumahan,Tagime,"5PVG+WMF, Tagime, Kabupaten Jayawijaya, Papua","Kabupaten Jayawijaya, Papua",PAPUA,,Indonesia,,,,-38.051.935,1.387.266.721,https://maps.google.com/?cid=0x0:0x50b51bdd0f2c04e8,
perumahan,perumahan,Papua 99557,"Kabupaten Mamberamo Tengah, Papua","Kabupaten Mamberamo Tengah, Papua",PAPUA,,Indonesia,,,,-37.408.827,1.389.404.364,https://maps.google.com/?cid=0x0:0xb128d87fca34f08d,
perumahan,Pembangunan Perumahan,Distrik Tagime,"5PMH+WMM, Lakwame, Tagime, Kabupaten Jayawijaya, Papua 99555","Lakwame, Tagime, Kabupaten Jayawijaya",PAPUA,99555.0,Indonesia,,,,-38.151.532,1.387.291.822,https://maps.google.com/?cid=0x0:0x61e7465087444a70,
perumahan,Pembangunan Perumahan,Tagime,"5PVG+WMF, Tagime, Kabupaten Jayawijaya, Papua","Kabupaten Jayawijaya, Papua",PAPUA,,Indonesia,,,,-38.051.935,1.387.266.721,https://maps.google.com/?cid=0x0:0x50b51bdd0f2c04e8,
perumahan,perumahan,Distrik Molagalome,"Tanah Merah, Kabupaten Jayawijaya, Papua","Kabupaten Jayawijaya, Papua",PAPUA,,Indonesia,,,,-38.400.647,1.386.960.242,https://maps.google.com/?cid=0x0:0x9a922f42526224d0,
perumahan,Komplek perumahan,Delegari,"4MQH+9H, Yudani, Distrik Gamelia, Kabupaten Lanny Jaya, Papua","Kabupaten Lanny Jaya, Papua",PAPUA,,Indonesia,,,,-38.615.507,1.386.789.217,https://maps.google.com/?cid=0x0:0x948c377acae5030d,
perumahan,Komplek perumahan,Kampung Gelokme,"4MHW+F2, Yudani, Distrik Gamelia, Kabupaten Lanny Jaya, Papua","Kabupaten Lanny Jaya, Papua",PAPUA,,Indonesia,,,,-38.713.704,1.386.950.346,https://maps.google.com/?cid=0x0:0x9222d03252908fdd,
perumahan,perumahan,Papua 99557,"Kabupaten Mamberamo Tengah, Papua","Kabupaten Mamberamo Tengah, Papua",PAPUA,,Indonesia,,,,-37.408.827,1.389.404.364,https://maps.google.com/?cid=0x0:0xb128d87fca34f08d,
perumahan,Komplek perumahan,Desa kalarin,"5WPJ+VF, Wirima, Kec. Ilugwa, Kabupaten Mamberamo Tengah, Papua","Kabupaten Mamberamo Tengah, Papua",PAPUA,,Indonesia,,,,-38.128.162,1.389.312.457,https://maps.google.com/?cid=0x0:0x6ca3af6521ff96ea,
perumahan,Kantor Pemerintah,Kampung Ilugwa,"5XP2+73, Melenggama, Kec. Ilugwa, Kabupaten Mamberamo Tengah, Papua","Kabupaten Mamberamo Tengah, Papua",PAPUA,,Indonesia,,,,-38.143.577,1.389.502.414,https://maps.google.com/?cid=0x0:0x535f031bf9748cb,
perumahan,Perhimpunan Pengembang Perumahan,Borengga,"5V5G+2F, Pirambot, Wollo, Kabupaten Jayawijaya, Papua 99554","Pirambot, Wollo, Kabupaten Jayawijaya",PAPUA,99554.0,Indonesia,,,,-3.842.127,1.388.757.562,https://maps.google.com/?cid=0x0:0x7e327721605226c6,
perumahan,Komplek perumahan,Kampung Liluikma,"65CQ+HQ, Dombomi, Kec. Abenaho, Kabupaten Yalimo, Papua","Kabupaten Yalimo, Papua",PAPUA,,Indonesia,,,,-37.785.625,1.391.894.375,https://maps.google.com/?cid=0x0:0x5809a90eb37c618,
perumahan,Komplek perumahan,Kampung Kalarin,"5WH8+53Q, Kalarin, Kec. Ilugwa, Kabupaten Mamberamo Tengah, Papua","Kabupaten Mamberamo Tengah, Papua",PAPUA,,Indonesia,,,,-38.220.372,1.389.152.456,https://maps.google.com/?cid=0x0:0xaf45763755807a60,
perumahan,Pembangunan Perumahan,onggabaga,"5R43+Q95, Jl. Trans Wollo, Tamokilu, Distrik Bolakme, Kabupaten Jayawijaya, Papua 99555","Jl. Trans Wollo, Tamokilu, Distrik Bolakme, Kabupaten Jayawijaya",PAPUA,99555.0,Indonesia,,,,-38.431.017,1.388.034.961,https://maps.google.com/?cid=0x0:0x2d2d2365327c9770,
perumahan,perumahan,Timbugulik,"5XQ4+9F, Melenggama, Kec. Ilugwa, Kabupaten Mamberamo Tengah, Papua","Kabupaten Mamberamo Tengah, Papua",PAPUA,,Indonesia,,,,-38.115.804,1.389.609.176,https://maps.google.com/?cid=0x0:0x77f70a804ba6fe6f,
perumahan,Komplek perumahan,Mas weedt,"66C2+3V, Dombomi, Kec. Abenaho, Kabupaten Yalimo, Papua","Kabupaten Yalimo, Papua",PAPUA,,Indonesia,,,,-377.979,139.202.131,https://maps.google.com/?cid=0x0:0x9c160546112a2890,
perumahan,Perhimpunan Pengembang Perumahan,Abenahi,"5356+3J6, Abenaho, Kec. Abenaho, Kabupaten Yalimo, Papua","Kabupaten Yalimo, Papua",PAPUA,,Indonesia,,,,-3.842.344,1.390.615.086,https://maps.google.com/?cid=0x0:0x71aabccd42752b3a,
perumahan,Pembangunan Perumahan,KAMPUNG KUMBU,"8P7M+JM8, Kumbu, Distrik Kelila, Kabupaten Mamberamo Tengah, Papua","Kabupaten Mamberamo Tengah, Papua",PAPUA,,Indonesia,,,,-36.859.516,1.387.342.049,https://maps.google.com/?cid=0x0:0xb2ae383598a58a9e,
perumahan,Komplek perumahan,Kabupaten Mamberamo Tengah,"83J7+3FF, Kobakma, Distrik Kobagma, Kabupaten Mamberamo Tengah, Papua","Kabupaten Mamberamo Tengah, Papua",PAPUA,,Indonesia,,,,-36.698.129,1.390.636.745,https://maps.google.com/?cid=0x0:0x192310995ab682ef,
perumahan,Komplek perumahan,Perumahan Eselon 3A,"83M8+356, Kobakma, Distrik Kobagma, Kabupaten Mamberamo Tengah, Papua 99553","Kobakma, Distrik Kobagma, Kabupaten Mamberamo Tengah",PAPUA,99553.0,Indonesia,,,,-36.673.282,1.390.653.753,https://maps.google.com/?cid=0x0:0x3c450aca74ae7953,
perumahan,Pembangunan Perumahan,Tagime,"5PVG+WMF, Tagime, Kabupaten Jayawijaya, Papua","Kabupaten Jayawijaya, Papua",PAPUA,,Indonesia,,,,-38.051.935,1.387.266.721,https://maps.google.com/?cid=0x0:0x50b51bdd0f2c04e8,
perumahan,Perhimpunan Pengembang Perumahan,Ap Inuaktaga,"4R2J+5VR, Kampung Walak Selatan, Distrik Bugi, Kabupaten Jayawijaya, Papua","Kabupaten Jayawijaya, Papua",PAPUA,,Indonesia,,,,-38.995.067,1.388.321.417,https://maps.google.com/?cid=0x0:0x62291bc3d64f14b2,
perumahan,Perhimpunan Pengembang Perumahan,SKY,"7M9J+Q24, Dogobak, Distrik Kelila, Kabupaten Mamberamo Tengah, Papua 99556","Dogobak, Distrik Kelila, Kabupaten Mamberamo Tengah",PAPUA,99556.0,Indonesia,81344359348.0,,,-37.306.246,1.386.800.776,https://maps.google.com/?cid=0x0:0xa3e34c3a2d0be7,
perumahan,Pembangunan Perumahan,Distrik Tagime,"5PMH+WMM, Lakwame, Tagime, Kabupaten Jayawijaya, Papua 99555","Lakwame, Tagime, Kabupaten Jayawijaya",PAPUA,99555.0,Indonesia,,,,-38.151.532,1.387.291.822,https://maps.google.com/?cid=0x0:0x61e7465087444a70,
perumahan,Komplek perumahan,"Wageo, Kediaman Ita Pagawak","83F2+CHV, Kobakma, Distrik Kobagma, Kabupaten Mamberamo Tengah, Papua","Kabupaten Mamberamo Tengah, Papua",PAPUA,,Indonesia,,,,-36.763.761,1.390.514.094,https://maps.google.com/?cid=0x0:0x235abcdb58b8ea3a,
perumahan,Balai masyarakat,Mimiragi Yalkom,"5XFF+Q58, Ilusilimo, Kec. Ilugwa, Kabupaten Mamberamo Tengah, Papua","Kabupaten Mamberamo Tengah, Papua",PAPUA,,Indonesia,,,,-38.255.983,1.389.729.517,https://maps.google.com/?cid=0x0:0x830b06ea694f8476,
perumahan,perumahan,Paremal Boys {PRM},"8M98+4WJ, Bokondini, Kec. Bokondini, Kabupaten Tolikara, Papua 99556","Bokondini, Kec. Bokondini, Kabupaten Tolikara",PAPUA,99556.0,Indonesia,81221416127.0,,,-36.832.944,1.386.664.513,https://maps.google.com/?cid=0x0:0x6f72c9da0d8b50a4,
perumahan,Komplek perumahan,Kampung wollo,"5V38+V8J, Pirambot, Wollo, Kabupaten Jayawijaya, Papua","Kabupaten Jayawijaya, Papua",PAPUA,,Indonesia,,,,-38.452.753,138.865.767,https://maps.google.com/?cid=0x0:0x7d3cb826b534c5dd,
perumahan,perumahan,Papua 99561,"Kabupaten Mamberamo Tengah, Papua","Kabupaten Mamberamo Tengah, Papua",PAPUA,,Indonesia,,,,-35.154.377,1.391.221.414,https://maps.google.com/?cid=0x0:0x6daa3ce0e2559bf1,
perumahan,Pembangunan Perumahan,Arimagame,"5MXM+36, Injuta, Tagineri, Kabupaten Jayawijaya, Papua","Kabupaten Jayawijaya, Papua",PAPUA,,Indonesia,,,,-38.023.476,1.386.831.159,https://maps.google.com/?cid=0x0:0x568c140bf14e2d24,
perumahan,Pembangunan Perumahan,Tagime,"5PVG+WMF, Tagime, Kabupaten Jayawijaya, Papua","Kabupaten Jayawijaya, Papua",PAPUA,,Indonesia,,,,-38.051.935,1.387.266.721,https://maps.google.com/?cid=0x0:0x50b51bdd0f2c04e8,
perumahan,perumahan,Distrik Silo Karno Doga,"Kabupaten Jayawijaya, Papua","Kabupaten Jayawijaya, Papua",PAPUA,,Indonesia,,,,-41.217.304,1.389.130.201,https://maps.google.com/?cid=0x0:0x841d4a6c46aa2d69,
perumahan,Komplek perumahan,Eklesia,"VWM3+VJ, Hurekama, Distrik Silo Karno Doga, Kabupaten Jayawijaya, Papua","Kabupaten Jayawijaya, Papua",PAPUA,,Indonesia,,,,-41.205.627,1.389.020.257,https://maps.google.com/?cid=0x0:0xf2b8374ca9ec11ac,
perumahan,Perusahaan Konstruksi,Perumahan Koramil Sinakma,"VWVJ+WHW, Hurekama, Distrik Wamena, Kabupaten Jayawijaya, Papua 99511","Hurekama, Distrik Wamena, Kabupaten Jayawijaya",PAPUA,99511.0,Indonesia,,,,-4.105.891,1.389.311.934,https://maps.google.com/?cid=0x0:0x9b944dbed46d5a74,
perumahan,Komplek perumahan,Distrik walaik Wamena pegunungan tengah,"VV32+X7, Napua, Distrik Silo Karno Doga, Kabupaten Jayawijaya, Papua","Kabupaten Jayawijaya, Papua",PAPUA,,Indonesia,,,,-41.450.568,138.850.705,https://maps.google.com/?cid=0x0:0x5273298ee88bf1be,
perumahan,Komplek perumahan,Base PGS Saja,"WW85+F4W, Gunung Susu, Distrik Wamena, Kabupaten Jayawijaya, Papua 99511","Gunung Susu, Distrik Wamena, Kabupaten Jayawijaya",PAPUA,99511.0,Indonesia,,,,-4.083.774,1.389.078.426,https://maps.google.com/?cid=0x0:0x3826514409c402b2,
perumahan,Pembangunan Perumahan,"Perumahan Subsidi MUAI PERMATA""""","Hetuma, Distrik Bugi, Kabupaten Jayawijaya, Papua 99566","Distrik Bugi, Kabupaten Jayawijaya",PAPUA,99566.0,Indonesia,82199105881.0,,,-40.645.518,1.389.215.944,https://maps.google.com/?cid=0x0:0xc519d261a7a675e7,
perumahan,Komplek perumahan,kompleks perumahan dinas ketahanan pangan wamena,"WWCQ+59H, Hetuma, Distrik Wamena, Kabupaten Jayawijaya, Papua 99511","Hetuma, Distrik Wamena, Kabupaten Jayawijaya",PAPUA,99511.0,Indonesia,,,,-40.795.628,1.389.384.933,https://maps.google.com/?cid=0x0:0xe069f89a0f5bf80e,
perumahan,Komplek perumahan,"Kompleks Rumah Dinas III, KPPN Wamena","WW3Q+PG8, Jl. Irian, Hurekama, Distrik Wamena, Kabupaten Jayawijaya, Papua 99511","Jl. Irian, Hurekama, Distrik Wamena, Kabupaten Jayawijaya",PAPUA,99511.0,Indonesia,85244985655.0,,,-40.957.184,1.389.388.323,https://maps.google.com/?cid=0x0:0x7c02eb7bf3530faf,
perumahan,Perhimpunan Pengembang Perumahan,Pak Kalolik pu rumah,"VVW6+CCX, Wililimo, Kec. Hubikosi, Kabupaten Jayawijaya, Papua 99511","Wililimo, Kec. Hubikosi, Kabupaten Jayawijaya",PAPUA,99511.0,Indonesia,,,,-41.038.901,1.388.610.962,https://maps.google.com/?cid=0x0:0x793fd06e97ef067f,
perumahan,Komplek perumahan,Musala Perumahan Koramil Sinakma,"VWVJ+G45, Jl. Yos Sudarso, Hurekama, Distrik Wamena, Kabupaten Jayawijaya, Papua 99511","Jl. Yos Sudarso, Hurekama, Distrik Wamena, Kabupaten Jayawijaya",PAPUA,99511.0,Indonesia,,,,-41.060.077,1.389.308.222,https://maps.google.com/?cid=0x0:0x46aa51a884f4a8d8,
perumahan,Komplek perumahan,DSG,"VWWG+7R, Hurekama, Distrik Wamena, Kabupaten Jayawijaya, Papua","Kabupaten Jayawijaya, Papua",PAPUA,,Indonesia,82113574052.0,,,-4.104.343,138.927.108,https://maps.google.com/?cid=0x0:0x2ee62cc3d45bccc7,
perumahan,Pembangunan Perumahan,Distrik Trikora,"VWQ8+9R, Hurekama, Distrik Wamena, Kabupaten Jayawijaya, Papua","Kabupaten Jayawijaya, Papua",PAPUA,,Indonesia,,,,-41.115.517,1.389.170.683,https://maps.google.com/?cid=0x0:0xae11a2dfa8f4769f,
perumahan,Komplek perumahan,Manda,"WWGP+F2P, Manda, Distrik Bugi, Kabupaten Jayawijaya, Papua","Kabupaten Jayawijaya, Papua",PAPUA,,Indonesia,,,,-40.737.862,1.389.350.934,https://maps.google.com/?cid=0x0:0x7c3a4c1783678d75,
perumahan,Komplek perumahan,Rumah kos Olala,"WWGM+9VM, Hubikiak, Distrik Bugi, Kabupaten Jayawijaya, Papua","Kabupaten Jayawijaya, Papua",PAPUA,,Indonesia,,,,-40.740.325,1.389.346.622,https://maps.google.com/?cid=0x0:0x51597b228242bc1b,
perumahan,Sekolah,Lorong Argentina Komplex YPK,"WW2Q+WJF, Hurekama, Distrik Wamena, Kabupaten Jayawijaya, Papua 99511","Hurekama, Distrik Wamena, Kabupaten Jayawijaya",PAPUA,99511.0,Indonesia,,,,-4.097.691,1.389.390.426,https://maps.google.com/?cid=0x0:0x705b385db2ab4c96,
perumahan,Komplek perumahan,Panorama Street,"WWMJ+VW3, Panorama, pike, Kabupaten Jayawijaya, Papua 99566","Panorama, pike, Kabupaten Jayawijaya",PAPUA,99566.0,Indonesia,,,,-40.653.705,1.389.322.976,https://maps.google.com/?cid=0x0:0xbeb06883ed190f0f,
perumahan,perumahan,Firkos,"XV6R+5RH, Kosihilapok, Kec. Hubikosi, Kabupaten Jayawijaya, Papua 99566","Kosihilapok, Kec. Hubikosi, Kabupaten Jayawijaya",PAPUA,99566.0,Indonesia,,,,-40.395.602,1.388.921.177,https://maps.google.com/?cid=0x0:0x1dc8ed53950db8b9,
perumahan,Komplek perumahan,Rumah Bapa Rohadi (Wamena),"VWXP+FCV, Hurekama, Distrik Wamena, Kabupaten Jayawijaya, Papua","Kabupaten Jayawijaya, Papua",PAPUA,,Indonesia,,,,-41.012.513,1.389.360.599,https://maps.google.com/?cid=0x0:0x756f9e5048fdc31c,
perumahan,Pembangunan Perumahan,GNPK SINAPUK WAMENA,"WW6R+QP4, Jl. Hom-Hom, Kama, Distrik Wamena, Kabupaten Jayawijaya, Papua 99511","Jl. Hom-Hom, Kama, Distrik Wamena, Kabupaten Jayawijaya",PAPUA,99511.0,Indonesia,81247645647.0,,,-40.881.111,1.389.418.266,https://maps.google.com/?cid=0x0:0xe4b23ea437d113d9,
perumahan,Komplek perumahan,Wosialah Kampung,"3VJV+5CG, Wosiala, Kec. Kurulu, Kabupaten Jayawijaya, Papua 99554","Wosiala, Kec. Kurulu, Kabupaten Jayawijaya",PAPUA,99554.0,Indonesia,,,,-39.195.734,138.893.566,https://maps.google.com/?cid=0x0:0xf4a5886aa8407c57,
perumahan,Komplek perumahan,Kampung wollo,"5V38+V8J, Pirambot, Wollo, Kabupaten Jayawijaya, Papua","Kabupaten Jayawijaya, Papua",PAPUA,,Indonesia,,,,-38.452.753,138.865.767,https://maps.google.com/?cid=0x0:0x7d3cb826b534c5dd,
perumahan,Komplek perumahan,Rumah Saya,"WWFH+XVM, Honelama, Distrik Wamena, Kabupaten Jayawijaya, Papua 99511","Honelama, Distrik Wamena, Kabupaten Jayawijaya",PAPUA,99511.0,Indonesia,,,,-40.751.968,1.389.298.201,https://maps.google.com/?cid=0x0:0xdf1a693160a8f504,
perumahan,perumahan,Papua 99554,Papua,Papua,PAPUA,,Indonesia,,,,-39.129.826,1.389.202.828,https://maps.google.com/?cid=0x0:0x93f0af6c35286075,
perumahan,Pertanian,Karunggame,"VXW5+PJ, Ketimavit, Distrik Piramid, Kabupaten Jayawijaya, Papua","Kabupaten Jayawijaya, Papua",PAPUA,,Indonesia,,,,-41.033.172,1.389.590.803,https://maps.google.com/?cid=0x0:0x354afc98c87092ef,
perumahan,Komplek perumahan,Pemukiman Siswa STAB,"3QW5+X5W, Aboneri, Distrik Piramid, Kabupaten Jayawijaya, Papua","Kabupaten Jayawijaya, Papua",PAPUA,,Indonesia,,,,-39.031.881,1.387.585.668,https://maps.google.com/?cid=0x0:0xf118099c6092fef8,
perumahan,Komplek perumahan,Dusun Luime,"3QW7+24X, Piramid, Distrik Piramid, Kabupaten Jayawijaya, Papua","Kabupaten Jayawijaya, Papua",PAPUA,,Indonesia,,,,-39.051.924,1.387.622.756,https://maps.google.com/?cid=0x0:0x600f54c31434878f,
perumahan,Pusat Pendidikan,Rumah Belajar @merawatpapua Piramid,"4Q83+5H, Algonik, Distrik Piramid, Kabupaten Jayawijaya, Papua","Kabupaten Jayawijaya, Papua",PAPUA,,Indonesia,,,,-38.845.005,1.387.539.084,https://maps.google.com/?cid=0x0:0xc0f396bc3212d61a,
perumahan,Pembangunan Perumahan,LOKASI Pemukiman Mullyalik,"3QX8+G2G, Piramid, Asologaima, Kabupaten Jayawijaya, Papua 99555","Piramid, Asologaima, Kabupaten Jayawijaya",PAPUA,99555.0,Indonesia,,,,-39.011.808,1.387.650.936,https://maps.google.com/?cid=0x0:0xff378ec6de4bef10,
perumahan,Komplek perumahan,Dusun Wiknggop,"3QR9+4X7, Piramid, Distrik Piramid, Kabupaten Jayawijaya, Papua","Kabupaten Jayawijaya, Papua",PAPUA,,Indonesia,,,,-39.097.142,138.769.937,https://maps.google.com/?cid=0x0:0xf95b4e98fb24d8fd,
perumahan,Komplek perumahan,MullyAlik Wenkil,"3QX8+83W Gedung Penggilingan Beras Yonggime, Piramid, Distrik Piramid, Kabupaten Jayawijaya, Papua","Kabupaten Jayawijaya, Papua",PAPUA,,Indonesia,,,,-39.016.401,1.387.652.019,https://maps.google.com/?cid=0x0:0x157cacf767b2dfaa,
perumahan,Kios,Amulok,"VWWW+99, Wouma, Distrik Piramid, Kabupaten Jayawijaya, Papua 99511","Wouma, Distrik Piramid, Kabupaten Jayawijaya",PAPUA,99511.0,Indonesia,,,,-4.104.019,138.945.906,https://maps.google.com/?cid=0x0:0x590d17f20100b026,
perumahan,Komplek perumahan,Dusun Anggurok Kunik,"3QJ6+HG, Piramid, Distrik Piramid, Kabupaten Jayawijaya, Papua","Kabupaten Jayawijaya, Papua",PAPUA,,Indonesia,,,,-39.186.037,1.387.613.023,https://maps.google.com/?cid=0x0:0x8fcf259711b0c0f3,
perumahan,Komplek perumahan,Dusun Llu Anoak,"3QV9+MWP, Piramid, Distrik Piramid, Kabupaten Jayawijaya, Papua","Kabupaten Jayawijaya, Papua",PAPUA,,Indonesia,,,,-39.057.775,1.387.698.314,https://maps.google.com/?cid=0x0:0x3955de041e8c4111,
perumahan,Pembangunan Perumahan,Holowok,"VXV5+4Q, Ketimavit, Distrik Piramid, Kabupaten Jayawijaya, Papua","Kabupaten Jayawijaya, Papua",PAPUA,,Indonesia,,,,-4.107.225,1.389.594.287,https://maps.google.com/?cid=0x0:0xef0d0d9819173fd0,
perumahan,Komplek perumahan,Kampung dusun alibaga,"3RV2+9H, Holasili, Distrik Piramid, Kabupaten Jayawijaya, Papua","Kabupaten Jayawijaya, Papua",PAPUA,,Indonesia,,,,-39.073.399,1.388.011.364,https://maps.google.com/?cid=0x0:0xcd89b33c4c577953,
perumahan,Bangunan Bersejarah,Rumah Ex Misi CAMA (Pdt.J.SUNDA),"3QW6+5WF, Piramid, Asologaima, Kabupaten Jayawijaya, Papua 99555","Piramid, Asologaima, Kabupaten Jayawijaya",PAPUA,99555.0,Indonesia,,,,-39.045.793,1.387.622.793,https://maps.google.com/?cid=0x0:0xc0886fb525a91c38,
perumahan,Perhimpunan Pengembang Perumahan,Dusun PNIEL,"VWWX+G7Q, Wouma, Distrik Piramid, Kabupaten Jayawijaya, Papua","Kabupaten Jayawijaya, Papua",PAPUA,,Indonesia,,,,-41.036.554,1.389.482.374,https://maps.google.com/?cid=0x0:0x55ee143751fd9c5e,
perumahan,Komplek perumahan,Hulekama Komplek wanimbo,"VWVG+4P3, Jl. Irian, kimbim, Distrik Piramid, Kabupaten Jayawijaya, Papua 99511","Jl. Irian, kimbim, Distrik Piramid, Kabupaten Jayawijaya",PAPUA,99511.0,Indonesia,,,,-41.072.407,1.389.267.912,https://maps.google.com/?cid=0x0:0x72d19304e048cff8,
perumahan,Rumah Sakit,PUSTU PYRAMID,"3QV7+JWC, Piramid, Distrik Piramid, Kabupaten Jayawijaya, Papua","Kabupaten Jayawijaya, Papua",PAPUA,,Indonesia,,,,-39.059.384,13.876.477,https://maps.google.com/?cid=0x0:0xe7d8d12630a67ba4,
perumahan,perumahan,Muliama,"Kabupaten Jayawijaya, Papua","Kabupaten Jayawijaya, Papua",PAPUA,,Indonesia,,,,-40.150.136,1.387.794.089,https://maps.google.com/?cid=0x0:0x476f36206973f3bd,
perumahan,Komplek perumahan,Dusun Wulugima Muliama,"JL. Muhammad Thamrin, No. 23, Miliama, Jaya Wijaya, Kabupaten Jayawijaya, Papua 99566","No. 23, Miliama, Jaya Wijaya, Kabupaten Jayawijaya",PAPUA,99566.0,Indonesia,,,,-3.995.781,138.804.016,https://maps.google.com/?cid=0x0:0x80e0feef2eeaf37,
perumahan,Komplek perumahan,Dusun Wendama,"2QJW+H2, Halefa, Muliama, Kabupaten Jayawijaya, Papua","Kabupaten Jayawijaya, Papua",PAPUA,,Indonesia,,,,-39.685.256,1.387.950.415,https://maps.google.com/?cid=0x0:0xe7097f2308695e62,
perumahan,perumahan,Bugi,"Distrik Bugi, Kabupaten Jayawijaya, Papua","Kabupaten Jayawijaya, Papua",PAPUA,,Indonesia,,,,-38.488.307,1.388.347.102,https://maps.google.com/?cid=0x0:0x70cda09f99fbabb5,
perumahan,perumahan,Papua 99557,"Kabupaten Mamberamo Tengah, Papua","Kabupaten Mamberamo Tengah, Papua",PAPUA,,Indonesia,,,,-37.408.827,1.389.404.364,https://maps.google.com/?cid=0x0:0xb128d87fca34f08d,
perumahan,Pembangunan Perumahan,"Perumahan Subsidi MUAI PERMATA""""","Hetuma, Distrik Bugi, Kabupaten Jayawijaya, Papua 99566","Distrik Bugi, Kabupaten Jayawijaya",PAPUA,99566.0,Indonesia,82199105881.0,,,-40.645.518,1.389.215.944,https://maps.google.com/?cid=0x0:0xc519d261a7a675e7,
perumahan,Perhimpunan Pengembang Perumahan,Ap Inuaktaga,"4R2J+5VR, Kampung Walak Selatan, Distrik Bugi, Kabupaten Jayawijaya, Papua","Kabupaten Jayawijaya, Papua",PAPUA,,Indonesia,,,,-38.995.067,1.388.321.417,https://maps.google.com/?cid=0x0:0x62291bc3d64f14b2,
perumahan,Komplek perumahan,hetuima,"WW9P+73, Hetuma, Distrik Bugi, Kabupaten Jayawijaya, Papua","Kabupaten Jayawijaya, Papua",PAPUA,,Indonesia,,,,-40.817.585,1.389.351.809,https://maps.google.com/?cid=0x0:0x6e057db9b863b56b,
perumahan,Komplek perumahan,Rumah kos Olala,"WWGM+9VM, Hubikiak, Distrik Bugi, Kabupaten Jayawijaya, Papua","Kabupaten Jayawijaya, Papua",PAPUA,,Indonesia,,,,-40.740.325,1.389.346.622,https://maps.google.com/?cid=0x0:0x51597b228242bc1b,
perumahan,Komplek perumahan,Kampung Belubur Weyawungga Nogomenggam,"WWMH+245, Hetuma, Distrik Bugi, Kabupaten Tolikara, Papua 99566","Hetuma, Distrik Bugi, Kabupaten Tolikara",PAPUA,99566.0,Indonesia,,,,-40.674.913,1.389.278.604,https://maps.google.com/?cid=0x0:0x3b8cc3e7516fccf,
perumahan,Pembangunan Perumahan,KPR Muai Wamena,"WWPC+7H, Hetuma, Distrik Bugi, Kabupaten Jayawijaya, Papua","Kabupaten Jayawijaya, Papua",PAPUA,,Indonesia,,,,-40.643.311,1.389.214.558,https://maps.google.com/?cid=0x0:0xf35be76b5b39ec7c,
perumahan,perumahan,El kian,"WWGM+P7, Hetuma, Distrik Bugi, Kabupaten Jayawijaya, Papua","Kabupaten Jayawijaya, Papua",PAPUA,,Indonesia,,,,-4.073.156,138.933.917,https://maps.google.com/?cid=0x0:0x20c196b24fd3f47b,
perumahan,Pembangunan Perumahan,KPR MUAI PERMATA,"WW9Q+R2X, Jl. Hom-Hom, Hetuma, Distrik Bugi, Kabupaten Jayawijaya, Papua 99511","Jl. Hom-Hom, Hetuma, Distrik Bugi, Kabupaten Jayawijaya",PAPUA,99511.0,Indonesia,,,,-40.803.924,1.389.376.171,https://maps.google.com/?cid=0x0:0xef80fde4f5219938,
perumahan,Komplek perumahan,Blok E,"WW9Q+R2X, Jl. Hom-Hom, Hetuma, Distrik Bugi, Kabupaten Jayawijaya, Papua 99511","Jl. Hom-Hom, Hetuma, Distrik Bugi, Kabupaten Jayawijaya",PAPUA,99511.0,Indonesia,,,,-40.803.924,1.389.376.171,https://maps.google.com/?cid=0x0:0x51dc04385309c06c,
perumahan,perumahan,Amazta timur,"WW9Q+H2Q, Hetuma, Distrik Bugi, Kabupaten Jayawijaya, Papua 99511","Hetuma, Distrik Bugi, Kabupaten Jayawijaya",PAPUA,99511.0,Indonesia,,,,-4.080.756,138.938.017,https://maps.google.com/?cid=0x0:0xfc4efd736580b99b,
perumahan,perumahan,UGD Gangk,"WWGM+P7, Hetuma, Distrik Bugi, Kabupaten Jayawijaya, Papua","Kabupaten Jayawijaya, Papua",PAPUA,,Indonesia,,,,-4.073.876,138.933.481,https://maps.google.com/?cid=0x0:0x2967006de3a9d297,
perumahan,Komplek perumahan,HOMTER__SQUAD,"WW9Q+R2X, Jl. Hom-Hom, Hetuma, Distrik Bugi, Kabupaten Jayawijaya, Papua 99511","Jl. Hom-Hom, Hetuma, Distrik Bugi, Kabupaten Jayawijaya",PAPUA,99511.0,Indonesia,,,,-40.803.924,1.389.376.171,https://maps.google.com/?cid=0x0:0xdeac66541bd3d3ed,
perumahan,perumahan,Papua 99557,"Kabupaten Mamberamo Tengah, Papua","Kabupaten Mamberamo Tengah, Papua",PAPUA,,Indonesia,,,,-37.408.827,1.389.404.364,https://maps.google.com/?cid=0x0:0xb128d87fca34f08d,
perumahan,Perhimpunan Pengembang Perumahan,Borengga,"5V5G+2F, Pirambot, Wollo, Kabupaten Jayawijaya, Papua 99554","Pirambot, Wollo, Kabupaten Jayawijaya",PAPUA,99554.0,Indonesia,,,,-3.842.127,1.388.757.562,https://maps.google.com/?cid=0x0:0x7e327721605226c6,
perumahan,Komplek perumahan,Desa kalarin,"5WPJ+VF, Wirima, Kec. Ilugwa, Kabupaten Mamberamo Tengah, Papua","Kabupaten Mamberamo Tengah, Papua",PAPUA,,Indonesia,,,,-38.128.162,1.389.312.457,https://maps.google.com/?cid=0x0:0x6ca3af6521ff96ea,
perumahan,Komplek perumahan,Kampung Liluikma,"65CQ+HQ, Dombomi, Kec. Abenaho, Kabupaten Yalimo, Papua","Kabupaten Yalimo, Papua",PAPUA,,Indonesia,,,,-37.785.625,1.391.894.375,https://maps.google.com/?cid=0x0:0x5809a90eb37c618,
perumahan,Pembangunan Perumahan,onggabaga,"5R43+Q95, Jl. Trans Wollo, Tamokilu, Distrik Bolakme, Kabupaten Jayawijaya, Papua 99555","Jl. Trans Wollo, Tamokilu, Distrik Bolakme, Kabupaten Jayawijaya",PAPUA,99555.0,Indonesia,,,,-38.431.017,1.388.034.961,https://maps.google.com/?cid=0x0:0x2d2d2365327c9770,
perumahan,Perhimpunan Pengembang Perumahan,Abenahi,"5356+3J6, Abenaho, Kec. Abenaho, Kabupaten Yalimo, Papua","Kabupaten Yalimo, Papua",PAPUA,,Indonesia,,,,-3.842.344,1.390.615.086,https://maps.google.com/?cid=0x0:0x71aabccd42752b3a,
perumahan,Komplek perumahan,Mas weedt,"66C2+3V, Dombomi, Kec. Abenaho, Kabupaten Yalimo, Papua","Kabupaten Yalimo, Papua",PAPUA,,Indonesia,,,,-377.979,139.202.131,https://maps.google.com/?cid=0x0:0x9c160546112a2890,
perumahan,perumahan,Timbugulik,"5XQ4+9F, Melenggama, Kec. Ilugwa, Kabupaten Mamberamo Tengah, Papua","Kabupaten Mamberamo Tengah, Papua",PAPUA,,Indonesia,,,,-38.115.804,1.389.609.176,https://maps.google.com/?cid=0x0:0x77f70a804ba6fe6f,
perumahan,Pembangunan Perumahan,KAMPUNG KUMBU,"8P7M+JM8, Kumbu, Distrik Kelila, Kabupaten Mamberamo Tengah, Papua","Kabupaten Mamberamo Tengah, Papua",PAPUA,,Indonesia,,,,-36.859.516,1.387.342.049,https://maps.google.com/?cid=0x0:0xb2ae383598a58a9e,
perumahan,Komplek perumahan,Kampung Kalarin,"5WH8+53Q, Kalarin, Kec. Ilugwa, Kabupaten Mamberamo Tengah, Papua","Kabupaten Mamberamo Tengah, Papua",PAPUA,,Indonesia,,,,-38.220.372,1.389.152.456,https://maps.google.com/?cid=0x0:0xaf45763755807a60,
perumahan,perumahan,Paremal Boys {PRM},"8M98+4WJ, Bokondini, Kec. Bokondini, Kabupaten Tolikara, Papua 99556","Bokondini, Kec. Bokondini, Kabupaten Tolikara",PAPUA,99556.0,Indonesia,81221416127.0,,,-36.832.944,1.386.664.513,https://maps.google.com/?cid=0x0:0x6f72c9da0d8b50a4,
perumahan,Pembangunan Perumahan,Arimagame,"5MXM+36, Injuta, Tagineri, Kabupaten Jayawijaya, Papua","Kabupaten Jayawijaya, Papua",PAPUA,,Indonesia,,,,-38.023.476,1.386.831.159,https://maps.google.com/?cid=0x0:0x568c140bf14e2d24,
perumahan,Komplek perumahan,Kabupaten Mamberamo Tengah,"83J7+3FF, Kobakma, Distrik Kobagma, Kabupaten Mamberamo Tengah, Papua","Kabupaten Mamberamo Tengah, Papua",PAPUA,,Indonesia,,,,-36.698.129,1.390.636.745,https://maps.google.com/?cid=0x0:0x192310995ab682ef,
perumahan,Perhimpunan Pengembang Perumahan,SKY,"7M9J+Q24, Dogobak, Distrik Kelila, Kabupaten Mamberamo Tengah, Papua 99556","Dogobak, Distrik Kelila, Kabupaten Mamberamo Tengah",PAPUA,99556.0,Indonesia,81344359348.0,,,-37.306.246,1.386.800.776,https://maps.google.com/?cid=0x0:0xa3e34c3a2d0be7,
perumahan,Perhimpunan Pengembang Perumahan,Ap Inuaktaga,"4R2J+5VR, Kampung Walak Selatan, Distrik Bugi, Kabupaten Jayawijaya, Papua","Kabupaten Jayawijaya, Papua",PAPUA,,Indonesia,,,,-38.995.067,1.388.321.417,https://maps.google.com/?cid=0x0:0x62291bc3d64f14b2,
perumahan,Komplek perumahan,Pemukiman Siswa STAB,"3QW5+X5W, Aboneri, Distrik Piramid, Kabupaten Jayawijaya, Papua","Kabupaten Jayawijaya, Papua",PAPUA,,Indonesia,,,,-39.031.881,1.387.585.668,https://maps.google.com/?cid=0x0:0xf118099c6092fef8,
perumahan,Komplek perumahan,Perumahan Eselon 3A,"83M8+356, Kobakma, Distrik Kobagma, Kabupaten Mamberamo Tengah, Papua 99553","Kobakma, Distrik Kobagma, Kabupaten Mamberamo Tengah",PAPUA,99553.0,Indonesia,,,,-36.673.282,1.390.653.753,https://maps.google.com/?cid=0x0:0x3c450aca74ae7953,
perumahan,Komplek perumahan,"Wageo, Kediaman Ita Pagawak","83F2+CHV, Kobakma, Distrik Kobagma, Kabupaten Mamberamo Tengah, Papua","Kabupaten Mamberamo Tengah, Papua",PAPUA,,Indonesia,,,,-36.763.761,1.390.514.094,https://maps.google.com/?cid=0x0:0x235abcdb58b8ea3a,
perumahan,perumahan,LANUME VILAGE,"7P3P+3FM, Lanume, Distrik Kelila, Kabupaten Mamberamo Tengah, Papua","Kabupaten Mamberamo Tengah, Papua",PAPUA,,Indonesia,,,,-3.747.291,138.736.163,https://maps.google.com/?cid=0x0:0x371dfdd54f110200,
perumahan,Komplek perumahan,Usilimo,"3VC8+XX7, Usilimo, Distrik Wesaput, Kabupaten Jayawijaya, Papua","Kabupaten Jayawijaya, Papua",PAPUA,,Indonesia,,,,-39.275.897,1.388.674.138,https://maps.google.com/?cid=0x0:0xadafa46c84b35939,
perumahan,Balai masyarakat,Mimiragi Yalkom,"5XFF+Q58, Ilusilimo, Kec. Ilugwa, Kabupaten Mamberamo Tengah, Papua","Kabupaten Mamberamo Tengah, Papua",PAPUA,,Indonesia,,,,-38.255.983,1.389.729.517,https://maps.google.com/?cid=0x0:0x830b06ea694f8476,
perumahan,Komplek perumahan,Kampung wollo,"5V38+V8J, Pirambot, Wollo, Kabupaten Jayawijaya, Papua","Kabupaten Jayawijaya, Papua",PAPUA,,Indonesia,,,,-38.452.753,138.865.767,https://maps.google.com/?cid=0x0:0x7d3cb826b534c5dd,
perumahan,Komplek perumahan,MullyAlik Wenkil,"3QX8+83W Gedung Penggilingan Beras Yonggime, Piramid, Distrik Piramid, Kabupaten Jayawijaya, Papua","Kabupaten Jayawijaya, Papua",PAPUA,,Indonesia,,,,-39.016.401,1.387.652.019,https://maps.google.com/?cid=0x0:0x157cacf767b2dfaa,
perumahan,perumahan,Walesi,"Distrik Asolokobal, Kabupaten Jayawijaya, Papua","Kabupaten Jayawijaya, Papua",PAPUA,,Indonesia,,,,-42.041.187,1.388.900.659,https://maps.google.com/?cid=0x0:0x4ec82d1233f4250e,
perumahan,Pembangunan Perumahan,Welco,"VW64+CJX, Walesi, Distrik Silo Karno Doga, Kabupaten Jayawijaya, Papua 99511","Walesi, Distrik Silo Karno Doga, Kabupaten Jayawijaya",PAPUA,99511.0,Indonesia,,,,-41.388.754,1.389.065.982,https://maps.google.com/?cid=0x0:0xebbca37477ea1f3f,
perumahan,Komplek perumahan,Rumah Pastoran Welesi,"VW64+6XM, Walesi, Distrik Asolokobal, Kabupaten Jayawijaya, Papua 99511","Walesi, Distrik Asolokobal, Kabupaten Jayawijaya",PAPUA,99511.0,Indonesia,81343446618.0,,,-41.386.771,1.389.067.635,https://maps.google.com/?cid=0x0:0x28df5002d2867a4d,
perumahan,perumahan,Istana Bapak Muhammad Yelipele,"VW69+GQ7, Sinata, Distrik Asolokobal, Kabupaten Jayawijaya, Papua 99511","Sinata, Distrik Asolokobal, Kabupaten Jayawijaya",PAPUA,99511.0,Indonesia,,,,-41.389.821,1.389.197.005,https://maps.google.com/?cid=0x0:0xe238636cac26fb1a,
perumahan,Komplek perumahan,Eklesia,"VWM3+VJ, Hurekama, Distrik Silo Karno Doga, Kabupaten Jayawijaya, Papua","Kabupaten Jayawijaya, Papua",PAPUA,,Indonesia,,,,-41.205.627,1.389.020.257,https://maps.google.com/?cid=0x0:0xf2b8374ca9ec11ac,
perumahan,Komplek perumahan,Disini,"VWWJ+8C5, Jl. Irian, Hurekama, Distrik Wamena, Kabupaten Jayawijaya, Papua 99511","Jl. Irian, Hurekama, Distrik Wamena, Kabupaten Jayawijaya",PAPUA,99511.0,Indonesia,82116727682.0,,,-41.042.457,1.389.311.248,https://maps.google.com/?cid=0x0:0xbf036543a3485bf5,
perumahan,Komplek perumahan,"RUMAH WIWEN, DAVID HALUK","VWPC+6H, Hurekama, Distrik Wamena, Kabupaten Jayawijaya, Papua","Kabupaten Jayawijaya, Papua",PAPUA,,Indonesia,,,,-4.114.125,1.389.208.334,https://maps.google.com/?cid=0x0:0x8a3787821c0bd603,
perumahan,Komplek perumahan,DSG,"VWWG+7R, Hurekama, Distrik Wamena, Kabupaten Jayawijaya, Papua","Kabupaten Jayawijaya, Papua",PAPUA,,Indonesia,82113574052.0,,,-4.104.343,138.927.108,https://maps.google.com/?cid=0x0:0x2ee62cc3d45bccc7,
perumahan,Komplek perumahan,King Dolinggu,"VWJ8+585, Hurekama, Distrik Wamena, Kabupaten Jayawijaya, Papua","Kabupaten Jayawijaya, Papua",PAPUA,,Indonesia,,,,-41.196.066,1.389.158.592,https://maps.google.com/?cid=0x0:0x697f89d7db92da02,
perumahan,Komplek perumahan,Mabes Buselek,"VWWH+JGC, Perumahan Pemda Lama Sinakma, Hurekama, Distrik Wamena, Kabupaten Jayawijaya, Papua 99511","Perumahan Pemda Lama Sinakma, Hurekama, Distrik Wamena, Kabupaten Jayawijaya",PAPUA,99511.0,Indonesia,,,,-41.034.251,1.389.287.767,https://maps.google.com/?cid=0x0:0xa638001b773164b1,
perumahan,Bumi perkemahan,Honai,"VW56+8JX, Walesi, Distrik Asolokobal, Kabupaten Jayawijaya, Papua 99511","Walesi, Distrik Asolokobal, Kabupaten Jayawijaya",PAPUA,99511.0,Indonesia,,,,-41.416.292,1.389.116.234,https://maps.google.com/?cid=0x0:0x47a25319e3fe0f1c,
perumahan,Rumah berlibur,Rumah Hawilla,"VWM8+8VR, Hurekama, Distrik Wamena, Kabupaten Jayawijaya, Papua 99511","Hurekama, Distrik Wamena, Kabupaten Jayawijaya",PAPUA,99511.0,Indonesia,,,,-41.166.464,1.389.171.294,https://maps.google.com/?cid=0x0:0xf77c14f4dd419e3a,
perumahan,Komplek perumahan,Musala Perumahan Koramil Sinakma,"VWVJ+G45, Jl. Yos Sudarso, Hurekama, Distrik Wamena, Kabupaten Jayawijaya, Papua 99511","Jl. Yos Sudarso, Hurekama, Distrik Wamena, Kabupaten Jayawijaya",PAPUA,99511.0,Indonesia,,,,-41.060.077,1.389.308.222,https://maps.google.com/?cid=0x0:0x46aa51a884f4a8d8,
perumahan,Tempat Religius,Rumah Guru,"VW56+MH7, Walesi, Distrik Asolokobal, Kabupaten Jayawijaya, Papua 99511","Walesi, Distrik Asolokobal, Kabupaten Jayawijaya",PAPUA,99511.0,Indonesia,,,,-41.408.365,138.911.414,https://maps.google.com/?cid=0x0:0x7149eb0f1523709e,
perumahan,perumahan,Asotipo,"Distrik Asotipo, Kabupaten Jayawijaya, Papua","Kabupaten Jayawijaya, Papua",PAPUA,,Indonesia,,,,-41.804.666,1.389.555.563,https://maps.google.com/?cid=0x0:0x192219b0fdd1ba14,
perumahan,Kantor Pemerintah,PEKUBURAN UMUM HITIGIMA,"RXFQ+3MV, Asotipo, Distrik Asolokobal, Kabupaten Jayawijaya, Papua 99511","Asotipo, Distrik Asolokobal, Kabupaten Jayawijaya",PAPUA,99511.0,Indonesia,,,,-4.176.212,138.989.887,https://maps.google.com/?cid=0x0:0xa9bf7ce087bef79f,
perumahan,Perhimpunan Pengembang Perumahan,Dusun Liapalekma,"RXPC+3XV, Asotipo, Distrik Asolokobal, Kabupaten Jayawijaya, Papua 99511","Asotipo, Distrik Asolokobal, Kabupaten Jayawijaya",PAPUA,99511.0,Indonesia,,,,-41.647.562,1.389.724.141,https://maps.google.com/?cid=0x0:0x84c0d62aeae9e9cf,
perumahan,Komplek perumahan,Wenyatma,"RX2M+FX, Putagaima, Distrik Asotipo, Kabupaten Jayawijaya, Papua","Kabupaten Jayawijaya, Papua",PAPUA,,Indonesia,,,,-41.988.476,1.389.849.084,https://maps.google.com/?cid=0x0:0x888deba496a0dd1e,
perumahan,Perhimpunan Pengembang Perumahan,Dusun Salima,"RX3G+9GX, Putagaima, Distrik Asotipo, Kabupaten Jayawijaya, Papua 99511","Putagaima, Distrik Asotipo, Kabupaten Jayawijaya",PAPUA,99511.0,Indonesia,,,,-41.965.032,138.976.371,https://maps.google.com/?cid=0x0:0x6428eef38c7189b5,
perumahan,Pembangunan Perumahan,kurima,"R224+59H, Sogokmo, Distrik Asotipo, Kabupaten Jayawijaya, Papua 99511","Sogokmo, Distrik Asotipo, Kabupaten Jayawijaya",PAPUA,99511.0,Indonesia,,,,-41.995.684,1.390.059.852,https://maps.google.com/?cid=0x0:0xf3e6dde3f015a08a,
perumahan,Pembangunan Perumahan,Boiki aiwa,"RX3H+99Q, Jl. Salima, siraganikmo, RT.002/RW.010. Desa, kuantapo, Distrik Asotipo, Kabupaten Jayawijaya, Papua","Kabupaten Jayawijaya, Papua",PAPUA,,Indonesia,,,,-41.965.406,1.389.784.871,https://maps.google.com/?cid=0x0:0x53c474b098875645,
perumahan,Komplek perumahan,Wetapoma Ambonekama,"RXCR+C42, Asotipo, Distrik Asotipo, Kabupaten Jayawijaya, Papua","Kabupaten Jayawijaya, Papua",PAPUA,,Indonesia,,,,-4.178.999,1.389.902.571,https://maps.google.com/?cid=0x0:0x8593df8eac34aa4d,
perumahan,Komplek perumahan,Hitigima Wetasland GuesHous,"RXFQ+7MG, HITIGIMA, Distrik Asotipo, Kabupaten Jayawijaya, Papua","Kabupaten Jayawijaya, Papua",PAPUA,,Indonesia,,,,-41.768.077,1.389.892.143,https://maps.google.com/?cid=0x0:0x12520004420f0e28,
perumahan,Tujuan Wisata,Lapangan Misionaris Pertama  Lapangan Pemerintahan pertama di Pegunungan Papua Pertama,"RXFQ+7MG, Hitigima, Distrik Asotipo, Kabupaten Jayawijaya, Papua","Kabupaten Jayawijaya, Papua",PAPUA,,Indonesia,,,,-41.768.077,1.389.892.143,https://maps.google.com/?cid=0x0:0xec8657c9d2639710,
perumahan,perumahan,Maima,"Distrik Miama, Kabupaten Jayawijaya, Papua","Kabupaten Jayawijaya, Papua",PAPUA,,Indonesia,,,,-41.481.955,1.390.110.305,https://maps.google.com/?cid=0x0:0xb060130406da7459,
perumahan,perumahan,Kampung Haletaga,"V226+PCC, Kampung Mengaima, Distrik Miama, Kabupaten Jayawijaya, Papua 99511","Kampung Mengaima, Distrik Miama, Kabupaten Jayawijaya",PAPUA,99511.0,Indonesia,,,,-41.481.955,1.390.110.305,https://maps.google.com/?cid=0x0:0x55fe15cad6754ba4,
perumahan,Komplek perumahan,Kampung Togonimo,"R2XV+X7, Maima, Distrik Miama, Kabupaten Jayawijaya, Papua","Kabupaten Jayawijaya, Papua",PAPUA,,Indonesia,,,,-41.501.236,1.390.431.977,https://maps.google.com/?cid=0x0:0x8b6d92c253566c4f,
perumahan,Komplek perumahan,Wenyatma,"RX2M+FX, Putagaima, Distrik Asotipo, Kabupaten Jayawijaya, Papua","Kabupaten Jayawijaya, Papua",PAPUA,,Indonesia,,,,-41.988.476,1.389.849.084,https://maps.google.com/?cid=0x0:0x888deba496a0dd1e,
perumahan,Komplek perumahan,Kampung Nukulin,"R2PR+46, Pupugoba, Distrik Asolokobal, Kabupaten Jayawijaya, Papua","Kabupaten Jayawijaya, Papua",PAPUA,,Indonesia,,,,-41.647.287,139.040.635,https://maps.google.com/?cid=0x0:0xf22d85650b5b31de,
perumahan,Kantor Pemerintah,PEKUBURAN UMUM HITIGIMA,"RXFQ+3MV, Asotipo, Distrik Asolokobal, Kabupaten Jayawijaya, Papua 99511","Asotipo, Distrik Asolokobal, Kabupaten Jayawijaya",PAPUA,99511.0,Indonesia,,,,-4.176.212,138.989.887,https://maps.google.com/?cid=0x0:0xa9bf7ce087bef79f,
perumahan,Perhimpunan Pengembang Perumahan,Dusun Wenagaima,"RXRF+9HG, Asolokobal, Distrik Asolokobal, Kabupaten Jayawijaya, Papua 99511","Asolokobal, Distrik Asolokobal, Kabupaten Jayawijaya",PAPUA,99511.0,Indonesia,,,,-41.590.615,1.389.739.454,https://maps.google.com/?cid=0x0:0xa017c2d37dbf2a8c,
perumahan,Komplek perumahan,Kampung wenowa,"R273+37W, Sogokmo, Distrik Asotipo, Kabupaten Jayawijaya, Papua","Kabupaten Jayawijaya, Papua",PAPUA,,Indonesia,,,,-41.872.631,1.390.032.132,https://maps.google.com/?cid=0x0:0xc04a4fc34ff80e1d,
perumahan,Pembangunan Perumahan,kurima,"R224+59H, Sogokmo, Distrik Asotipo, Kabupaten Jayawijaya, Papua 99511","Sogokmo, Distrik Asotipo, Kabupaten Jayawijaya",PAPUA,99511.0,Indonesia,,,,-41.995.684,1.390.059.852,https://maps.google.com/?cid=0x0:0xf3e6dde3f015a08a,
perumahan,Perhimpunan Pengembang Perumahan,Dusun Liapalekma,"RXPC+3XV, Asotipo, Distrik Asolokobal, Kabupaten Jayawijaya, Papua 99511","Asotipo, Distrik Asolokobal, Kabupaten Jayawijaya",PAPUA,99511.0,Indonesia,,,,-41.647.562,1.389.724.141,https://maps.google.com/?cid=0x0:0x84c0d62aeae9e9cf,
perumahan,Perhimpunan Pengembang Perumahan,Dusun Salima,"RX3G+9GX, Putagaima, Distrik Asotipo, Kabupaten Jayawijaya, Papua 99511","Putagaima, Distrik Asotipo, Kabupaten Jayawijaya",PAPUA,99511.0,Indonesia,,,,-41.965.032,138.976.371,https://maps.google.com/?cid=0x0:0x6428eef38c7189b5,
perumahan,Komplek perumahan,Piwagama,"RX3H+VHP, Putagaima, Distrik Asolokobal, Kabupaten Jayawijaya, Papua","Kabupaten Jayawijaya, Papua",PAPUA,,Indonesia,,,,-41.952.806,1.389.789.413,https://maps.google.com/?cid=0x0:0xcec090cc276c04e,
perumahan,Pertanian Organik,"LEO,S GUEST HOUSE","Kurima, Distrik Wamena, Kabupaten Jayawijaya, Papua 99511","Distrik Wamena, Kabupaten Jayawijaya",PAPUA,99511.0,Indonesia,82348173886.0,,,-41.843.279,1.390.016.491,https://maps.google.com/?cid=0x0:0xbfe6c5784fdcf928,
perumahan,Komplek perumahan,Wetapoma Ambonekama,"RXCR+C42, Asotipo, Distrik Asotipo, Kabupaten Jayawijaya, Papua","Kabupaten Jayawijaya, Papua",PAPUA,,Indonesia,,,,-4.178.999,1.389.902.571,https://maps.google.com/?cid=0x0:0x8593df8eac34aa4d,
perumahan,perumahan,Kampung Haletaga,"VX7C+3G, Sinata, Distrik Asolokobal, Kabupaten Jayawijaya, Papua","Kabupaten Jayawijaya, Papua",PAPUA,,Indonesia,,,,-41.372.964,1.389.713.323,https://maps.google.com/?cid=0x0:0xb014d1bccc9df07,
perumahan,Komplek perumahan,Hitigima Wetasland GuesHous,"RXFQ+7MG, HITIGIMA, Distrik Asotipo, Kabupaten Jayawijaya, Papua","Kabupaten Jayawijaya, Papua",PAPUA,,Indonesia,,,,-41.768.077,1.389.892.143,https://maps.google.com/?cid=0x0:0x12520004420f0e28,
perumahan,Gedung Apartemen,Wasmu,"Jl. Gatot Subroto No.63, Ketimavit, Distrik Wamena, Kabupaten Jayawijaya, Papua 99511","Ketimavit, Distrik Wamena, Kabupaten Jayawijaya",PAPUA,99511.0,Indonesia,,,,-41.096.028,1.389.610.206,https://maps.google.com/?cid=0x0:0x9e966adcbd15642,
perumahan,perumahan,Pupugoba,"Distrik Asolokobal, Kabupaten Jayawijaya, Papua","Kabupaten Jayawijaya, Papua",PAPUA,,Indonesia,,,,-41.666.341,1.390.514.094,https://maps.google.com/?cid=0x0:0x18e373e019470065,
perumahan,Komplek perumahan,Kampung wenowa,"R273+37W, Sogokmo, Distrik Asotipo, Kabupaten Jayawijaya, Papua","Kabupaten Jayawijaya, Papua",PAPUA,,Indonesia,,,,-41.872.631,1.390.032.132,https://maps.google.com/?cid=0x0:0xc04a4fc34ff80e1d,
perumahan,Pembangunan Perumahan,kurima,"R224+59H, Sogokmo, Distrik Asotipo, Kabupaten Jayawijaya, Papua 99511","Sogokmo, Distrik Asotipo, Kabupaten Jayawijaya",PAPUA,99511.0,Indonesia,,,,-41.995.684,1.390.059.852,https://maps.google.com/?cid=0x0:0xf3e6dde3f015a08a,
perumahan,Komplek perumahan,Kampung Nukulin,"R2PR+46, Pupugoba, Distrik Asolokobal, Kabupaten Jayawijaya, Papua","Kabupaten Jayawijaya, Papua",PAPUA,,Indonesia,,,,-41.647.287,139.040.635,https://maps.google.com/?cid=0x0:0xf22d85650b5b31de,
perumahan,Pembangunan Perumahan,P3W POLIMO,"Q2JP+H5, Luhulema, Kec. Kurima, Kabupaten Yahukimo, Papua 99511","Luhulema, Kec. Kurima, Kabupaten Yahukimo",PAPUA,99511.0,Indonesia,,,,-42.185.175,1.390.354.488,https://maps.google.com/?cid=0x0:0x2466eda28903b25d,
perumahan,Komplek perumahan,Kampung Huguma,"Q2C8+PPW, Lotia, Huglot, Kurima, Yahukimo regency, Papua 99511","Lotia, Huglot, Kurima, Yahukimo regency",PAPUA,99511.0,Indonesia,,,,-42.281.489,1.390.168.337,https://maps.google.com/?cid=0x0:0x7bbc8e17e71e90d1,
perumahan,Pertanian Organik,"LEO,S GUEST HOUSE","Kurima, Distrik Wamena, Kabupaten Jayawijaya, Papua 99511","Distrik Wamena, Kabupaten Jayawijaya",PAPUA,99511.0,Indonesia,82348173886.0,,,-41.843.279,1.390.016.491,https://maps.google.com/?cid=0x0:0xbfe6c5784fdcf928,
perumahan,perumahan,Kampung Haletaga,"V226+PCC, Kampung Mengaima, Distrik Miama, Kabupaten Jayawijaya, Papua 99511","Kampung Mengaima, Distrik Miama, Kabupaten Jayawijaya",PAPUA,99511.0,Indonesia,,,,-41.481.955,1.390.110.305,https://maps.google.com/?cid=0x0:0x55fe15cad6754ba4,
perumahan,perumahan,Sumunagema,"R224+59H air garam, Jl, Sogokmo, Distrik Asotipo, Kabupaten Jayawijaya, Papua 99511","Jl, Sogokmo, Distrik Asotipo, Kabupaten Jayawijaya",PAPUA,99511.0,Indonesia,,,,-41.995.684,1.390.059.852,https://maps.google.com/?cid=0x0:0x53d8eee07af7d491,
perumahan,Pembangunan Perumahan,TUKUAREK,"Q2F7+H4G, Tukuarek, Kec. Kurima, Kabupaten Yahukimo, Papua 99511","Tukuarek, Kec. Kurima, Kabupaten Yahukimo",PAPUA,99511.0,Indonesia,,,,-42.260.649,1.390.128.291,https://maps.google.com/?cid=0x0:0xd1cf26f411087902,
perumahan,Komplek perumahan,Kampung Pakalu,"Q2HH+JF, Kilise, Kec. Kurima, Kabupaten Yahukimo, Papua 99511","Kilise, Kec. Kurima, Kabupaten Yahukimo",PAPUA,99511.0,Indonesia,,,,-4.220.942,1.390.286.377,https://maps.google.com/?cid=0x0:0x8697e1505b4399df,
perumahan,Pembangunan Perumahan,Kampung Lotia,"Q2CF+M8, Luhulema, Kec. Kurima, Kabupaten Yahukimo, Papua 99511","Luhulema, Kec. Kurima, Kabupaten Yahukimo",PAPUA,99511.0,Indonesia,,,,-42.283.016,1.390.232.686,https://maps.google.com/?cid=0x0:0x91c172a699ac08dd,
perumahan,perumahan,Papua 99554,Papua,Papua,PAPUA,,Indonesia,,,,-39.129.826,1.389.202.828,https://maps.google.com/?cid=0x0:0x93f0af6c35286075,
perumahan,Komplek perumahan,Wame,"2PJX+99, Halefa, Muliama, Kabupaten Jayawijaya, Papua","Kabupaten Jayawijaya, Papua",PAPUA,,Indonesia,,,,-39.690.921,1.387.484.008,https://maps.google.com/?cid=0x0:0xd4c11dedda6c8b59,
perumahan,Komplek perumahan,Rumah,"WW3W+HHG, Wamena Kota, Distrik Wamena, Kabupaten Jayawijaya, Papua 99511","Wamena Kota, Distrik Wamena, Kabupaten Jayawijaya",PAPUA,99511.0,Indonesia,,,,-40.960.509,1.389.465.042,https://maps.google.com/?cid=0x0:0x8d04d94822afe98f,
perumahan,perumahan,Distrik Wame,"Kabupaten Jayawijaya, Papua","Kabupaten Jayawijaya, Papua",PAPUA,,Indonesia,,,,-40.666.609,1.389.808.187,https://maps.google.com/?cid=0x0:0x60129073e6cab610,
perumahan,Kompleks Townhouse,Perumahan Graha Asri Residence,"Graha asri residance, Telajung, Kec. Cikarang Bar., Kabupaten Bekasi, Jawa Barat 17530","Telajung, Kec. Cikarang Bar., Kabupaten Bekasi",PAPUA,17530.0,Indonesia,,,,-63.289.601,1.070.514.318,https://maps.google.com/?cid=0x0:0x68486a9faff6cf39,
perumahan,Perusahaan Media,Sukamanah Residence,"Jalan Sukamanah, Sukamanah, Kec. Sukatani, Kabupaten Bekasi, Jawa Barat 17630","Sukamanah, Kec. Sukatani, Kabupaten Bekasi",PAPUA,17630.0,Indonesia,,,,-61.880.961,1.071.659.131,https://maps.google.com/?cid=0x0:0x101a15a49d09cb73,
perumahan,perumahan,Rumah WAS,"MW2G+438, Jl. Camar, RT.004/RW.007, Jatiraden, Kec. Jatisampurna, Kota Bks, Jawa Barat 17433","Jl. Camar, RT.004/RW.007, Jatiraden, Kec. Jatisampurna, Kota Bks",PAPUA,17433.0,Indonesia,,,,-63.497.242,106.925.215,https://maps.google.com/?cid=0x0:0xc3dca603c2625458,
perumahan,Pertanian,Perumahan Pensip Wesaput,"VXX4+XCX, Ketimavit, Distrik Wesaput, Kabupaten Jayawijaya, Papua 99511","Ketimavit, Distrik Wesaput, Kabupaten Jayawijaya",PAPUA,99511.0,Indonesia,,,,-41.000.055,1.389.561.083,https://maps.google.com/?cid=0x0:0x75b5ab65cbba493b,
perumahan,perumahan,Distrik Wesaput,"Kabupaten Jayawijaya, Papua","Kabupaten Jayawijaya, Papua",PAPUA,,Indonesia,,,,-39.286.661,1.388.697.184,https://maps.google.com/?cid=0x0:0x5f4ee261c2c94c30,
perumahan,Kantor Pemerintah Distrik,Wesaput,"WX35+7X6, Wesaput, Distrik Wamena, Kabupaten Jayawijaya, Papua 99511","Wesaput, Distrik Wamena, Kabupaten Jayawijaya",PAPUA,99511.0,Indonesia,,,,-4.097.632,138.960.036,https://maps.google.com/?cid=0x0:0x8310c362b82aaf6e,
perumahan,perumahan,rumah potikelek,"WW5Q+VRR, Jl. Thamrin, Wamena Kota, Distrik Wesaput, Kabupaten Jayawijaya, Papua 99511","Jl. Thamrin, Wamena Kota, Distrik Wesaput, Kabupaten Jayawijaya",PAPUA,99511.0,Indonesia,,,,-40.902.507,1.389.395.282,https://maps.google.com/?cid=0x0:0xd2f798c70f3d05b3,
perumahan,Komplek perumahan,"LK,3 (RKP)","WW9V+27M, Jl. Hom-Hom, Hetuma, Distrik Wesaput, Kabupaten Jayawijaya, Papua 99511","Jl. Hom-Hom, Hetuma, Distrik Wesaput, Kabupaten Jayawijaya",PAPUA,99511.0,Indonesia,,,,-40.825.458,1.389.426.753,https://maps.google.com/?cid=0x0:0xf02b7eba4be69b05,
perumahan,Komplek perumahan,LEMBAH BALIEM RESIDENCE,"WX72+568, Jalan, Wesaput, Distrik Wamena, Kabupaten Jayawijaya, Papua 99511","Jalan, Wesaput, Distrik Wamena, Kabupaten Jayawijaya",PAPUA,99511.0,Indonesia,,,,-40.870.819,138.950.574,https://maps.google.com/?cid=0x0:0x8607095b92a0aab8,
perumahan,Komplek perumahan,kompleks perumahan dinas ketahanan pangan wamena,"WWCQ+59H, Hetuma, Distrik Wamena, Kabupaten Jayawijaya, Papua 99511","Hetuma, Distrik Wamena, Kabupaten Jayawijaya",PAPUA,99511.0,Indonesia,,,,-40.795.628,1.389.384.933,https://maps.google.com/?cid=0x0:0xe069f89a0f5bf80e,
perumahan,Komplek perumahan,Rumah ku Hetuma,"WW7Q+4HQ, Jl. SD. Percobaan, Kama, Distrik Wesaput, Kabupaten Jayawijaya, Papua 99511","Jl. SD. Percobaan, Kama, Distrik Wesaput, Kabupaten Jayawijaya",PAPUA,99511.0,Indonesia,,,,-40.871.739,1.389.389.704,https://maps.google.com/?cid=0x0:0x2eca2e3478af1dd5,
perumahan,Komplek perumahan,Usilimo,"3VC8+XX7, Usilimo, Distrik Wesaput, Kabupaten Jayawijaya, Papua","Kabupaten Jayawijaya, Papua",PAPUA,,Indonesia,,,,-39.275.897,1.388.674.138,https://maps.google.com/?cid=0x0:0xadafa46c84b35939,
perumahan,Layanan Transportasi,MAF Wamena,"WW6Q+XXR, Kama, Distrik Wamena, Kabupaten Jayawijaya, Papua 99511","Kama, Distrik Wamena, Kabupaten Jayawijaya",PAPUA,99511.0,Indonesia,,,,-40.875.077,1.389.398.987,https://maps.google.com/?cid=0x0:0xd1d1c0f026750dfd,
perumahan,perumahan,Eragwime,"WX44+2PP, Eragwime, Distrik Wesaput, Kabupaten Jayawijaya, Papua","Kabupaten Jayawijaya, Papua",PAPUA,,Indonesia,,,,-40.949.213,1.389.568.372,https://maps.google.com/?cid=0x0:0xd2c4b197c558daae,
perumahan,Komplek perumahan,House of NPagawak,"VXV2+W6Q, Ketimavit, Distrik Wamena, Kabupaten Jayawijaya, Papua 99511","Ketimavit, Distrik Wamena, Kabupaten Jayawijaya",PAPUA,99511.0,Indonesia,,,,-41.042.177,1.389.501.639,https://maps.google.com/?cid=0x0:0xcd339cd025afd796,
perumahan,Komplek perumahan,KOSS MAMA PAPUA,"WW6Q+5PJ, Kama, Distrik Wamena, Kabupaten Jayawijaya, Papua 99511","Kama, Distrik Wamena, Kabupaten Jayawijaya",PAPUA,99511.0,Indonesia,,,,-40.895.319,1.389.392.548,https://maps.google.com/?cid=0x0:0x90dcf1c30a2cdd96,
perumahan,Komplek perumahan,YALKOM POTI,"Jl. SD. Percobaan, Kama, Distrik Wesaput, Kabupaten Jayawijaya, Papua 99511","Kama, Distrik Wesaput, Kabupaten Jayawijaya",PAPUA,99511.0,Indonesia,,,,-4.085.915,1.389.382.093,https://maps.google.com/?cid=0x0:0xaf67a14d7aa75c17,
perumahan,Komplek perumahan,hetuima,"WW9P+73, Hetuma, Distrik Bugi, Kabupaten Jayawijaya, Papua","Kabupaten Jayawijaya, Papua",PAPUA,,Indonesia,,,,-40.817.585,1.389.351.809,https://maps.google.com/?cid=0x0:0x6e057db9b863b56b,
perumahan,Perhimpunan Pengembang Perumahan,WAMENA CITY,"Jl. Trikora No.74, Wamena Kota, Distrik Wamena, Kabupaten Jayawijaya, Papua 99511","Wamena Kota, Distrik Wamena, Kabupaten Jayawijaya",PAPUA,99511.0,Indonesia,,,,-40.979.993,1.389.426.291,https://maps.google.com/?cid=0x0:0x849582993ba222c6,
perumahan,Komplek perumahan,Lambra,"WX33+3VJ, Jl. Way Saee, Wamena Kota, Distrik Wamena, Kabupaten Jayawijaya, Papua 99511","Jl. Way Saee, Wamena Kota, Distrik Wamena, Kabupaten Jayawijaya",PAPUA,99511.0,Indonesia,,,,-40.972.924,1.389.546.261,https://maps.google.com/?cid=0x0:0x8380770854468dcc,
perumahan,Komplek perumahan,Rumah Saya,"WWFH+XVM, Honelama, Distrik Wamena, Kabupaten Jayawijaya, Papua 99511","Honelama, Distrik Wamena, Kabupaten Jayawijaya",PAPUA,99511.0,Indonesia,,,,-40.751.968,1.389.298.201,https://maps.google.com/?cid=0x0:0xdf1a693160a8f504,
perumahan,Komplek perumahan,holifa kodir,"WW6V+8G9, Jl. Patimura, Wamena Kota, Distrik Wesaput, Kabupaten Jayawijaya, Papua 99511","Jl. Patimura, Wamena Kota, Distrik Wesaput, Kabupaten Jayawijaya",PAPUA,99511.0,Indonesia,,,,-40.892.171,1.389.438.704,https://maps.google.com/?cid=0x0:0x310a7eba7a01d40f,
perumahan,Pembangunan Perumahan,GNPK SINAPUK WAMENA,"WW6R+QP4, Jl. Hom-Hom, Kama, Distrik Wamena, Kabupaten Jayawijaya, Papua 99511","Jl. Hom-Hom, Kama, Distrik Wamena, Kabupaten Jayawijaya",PAPUA,99511.0,Indonesia,81247645647.0,,,-40.881.111,1.389.418.266,https://maps.google.com/?cid=0x0:0xe4b23ea437d113d9,
perumahan,Perhimpunan Pengembang Perumahan,KELUARGA HUBY SIUS,"WX37+55C, Wesaput, Distrik Wamena, Kabupaten Jayawijaya, Papua 99511","Wesaput, Distrik Wamena, Kabupaten Jayawijaya",PAPUA,99511.0,Indonesia,,,,-40.968.651,1.389.624.612,https://maps.google.com/?cid=0x0:0xe4f451c9bcaca79c,
